IMPROVED MODEL OF PLANT PHOTOSYSTEM I
LENGTH	4161
CHAIN	18	1,2,3,4,A,B,C,D,E,F,G,H,I,J,K,L,N,R
ALA	0.09805335255948089
ARG	0.03797164143234799
ASN	0.03628935352078827
ASP	0.03580869983177121
CYS	0.009853400624849795
GLN	0.034126411920211486
GLU	0.03484739245373708
GLY	0.08868060562364816
HIS	0.0273972602739726
ILE	0.053833213169911076
LEU	0.10622446527277096
LYS	0.04662340783465513
MET	0.019947128094208122
PHE	0.05695746214852199
PRO	0.06032203797164143
SER	0.07738524393174717
THR	0.056476808459504924
TRP	0.025234318673395817
TYR	0.029079548185532322
UNK	0.012737322758952174
VAL	0.052150925258351355
UNKNOWN	53
LIGANDS	BCR,CLA,LMG,LMU,PQN,SF4,SUC,UNL
CHAIN-1
NA	-12.048	-174.27	
59.925	39.863	-168.576	
84.861	-45.368	-174.052	
81.348	-59.76	179.723	
-48.088	-88.566	-175.832	
170.994	-144.035	178.833	
-135.728	-141.968	179.79	
116.816	88.142	179.967	
123.43	101.284	165.755	
55.647	57.956	-177.858	
76.096	33.605	-176.858	
69.729	89.618	-170.613	
68.695	114.755	-174.049	
-30.658	74.4	-175.021	
54.172	29.467	161.993	
119.815	37.245	158.576	
49.745	32.503	-160.54	
133.22	58.944	178.02	
17.713	81.453	177.252	
56.406	36.113	-176.387	
87.501	17.963	-167.702	
77.335	28.787	-167.745	
83.252	11.885	-167.842	
94.418	-8.091	-162.518	
77.156	26.398	-169.137	
65.867	48.378	-175.749	
46.076	45.195	177.822	
71.172	43.438	179.29	
77.601	27.752	-168.749	
68.901	34.89	-172.775	
76.288	24.949	-169.053	
69.88	34.498	-172.845	
68.922	41.095	-177.026	
71.558	33.195	-170.136	
103.308	-30.614	-156.309	
120.575	-4.154	-175.562	
107.929	62.159	177.801	
54.131	37.909	176.504	
61.866	-28.53	-165.032	
71.054	35.258	-167.591	
73.194	84.888	177.975	
-21.415	60.59	179.538	
102.097	-106.017	179.544	
74.49	-157.856	179.985	
-81.805	-7.191	177.724	
63.065	-174.949	175.18	
121.003	-58.92	178.05	
71.566	28.187	171.031	
-55.547	89.165	-174.027	
78.895	132.743	175.164	
-4.804	119.273	-177.531	
-61.143	3.148	178.899	
-63.234	-91.768	177.429	
129.718	-133.19	-169.147	
-61.187	-9.389	-176.508	
-61.672	-82.729	-174.357	
106.822	19.502	176.359	
175.897	53.404	-177.578	
-132.339	162.326	178.13	
59.3	63.519	-179.376	
145.057	-26.856	-177.963	
-67.892	31.834	-175.809	
-71.926	-119.465	-175.68	
68.198	-74.604	168.267	
-134.749	-134.48	177.517	
36.88	-131.324	-176.184	
45.36	-142.859	165.931	
48.728	70.277	-167.118	
98.802	97.146	-152.065	
157.003	-133.699	177.843	
-113.438	-171.452	-175.329	
94.736	-2.689	176.463	
77.626	59.061	178.95	
70.18	16.834	-179.699	
66.474	44.304	-177.446	
85.751	21.952	173.939	
74.606	76.628	172.635	
38.787	30.513	-179.866	
74.55	54.996	173.641	
34.822	46.648	172.18	
84.101	-32.795	177.88	
155.386	24.286	-176.24	
87.351	34.738	-177.464	
90.03	-10.522	-164.871	
76.948	-8.139	-171.51	
65.417	56.537	168.845	
65.01	58.209	170.754	
70.195	30.997	-168.632	
50.594	45.283	-177.382	
75.667	23.182	-179.349	
79.349	21.067	-178.369	
106.872	-41.449	-174.032	
150.552	-50.09	164.983	
101.484	94.068	170.924	
-82.1	-151.035	165.634	
87.551	60.132	172.119	
83.336	88.908	-176.519	
105.626	-156.09	179.341	
123.828	-126.645	175.848	
140.726	73.705	-173.222	
157.448	124.609	-163.447	
117.201	-75.316	165.595	
74.72	141.759	176.13	
75.097	100.939	174.37	
134.39	-125.683	-177.16	
153.146	-70.917	-178.279	
96.004	61.3	-176.119	
167.387	-129.404	-157.379	
123.156	138.237	-163.349	
85.209	-159.479	168.569	
-97.029	32.002	-172.972	
-56.126	-79.343	-176.153	
-51.839	92.571	-169.437	
175.457	141.29	-178.862	
152.363	-130.838	158.541	
-1.217	-34.988	168.393	
-58.583	72.1	-165.307	
98.59	-91.816	-178.06	
80.852	165.396	-167.982	
56.533	40.74	179.058	
-62.414	-26.958	161.476	
-74.165	152.243	167.168	
-44.552	-60.947	-172.821	
76.758	-52.47	174.861	
134.488	26.155	-172.309	
63.263	41.852	-175.462	
66.523	49.483	-175.037	
54.656	19.821	-170.475	
98.08	26.621	-179.129	
61.15	64.437	-178.868	
52.105	28.941	-179.176	
64.827	45.791	-177.43	
61.588	50.025	-178.523	
54.172	48.696	-177.954	
60.857	35.745	179.635	
71.498	46.626	-177.984	
61.21	43.313	178.335	
78.21	45.683	175.062	
67.525	138.133	174.467	
52.23	-16.914	-166.413	
71.85	9.096	-169.726	
88.662	-5.076	-160.205	
62.847	26.652	-172.301	
138.602	-71.52	-175.483	
162.259	-6.96	179.67	
108.367	58.901	-179.109	
134.432	-46.196	164.694	
80.228	-83.256	-179.023	
108.416	52.495	178.185	
84.493	-154.937	-177.908	
86.8	144.514	-178.959	
96.713	-117.1	-175.471	
147.094	-68.133	175.073	
73.993	-128.415	168.775	
113.389	10.37	179.591	
-93.173	-124.402	-174.287	
173.026	77.53	-174.266	
164.64	93.028	173.576	
172.499	-170.178	-170.322	
-66.272	-174.724	-169.668	
179.243	-3.518	-133.476	
-104.074	117.363	-121.692	
148.157	-166.487	69.771	
-101.407	-110.598	-166.731	
-154.355	NA	NA	
CHAIN-2
NA	13.955	-166.18	
-120.575	-139.978	174.177	
83.482	-136.493	-173.399	
76.022	-74.401	161.287	
116.654	25.853	161.069	
63.264	-31.456	-164.919	
-47.822	25.5	168.593	
-60.246	44.564	-164.595	
79.109	-17.589	-166.204	
59.201	15.168	-176.347	
73.795	29.312	174.241	
80.358	45.086	-178.775	
45.152	38.512	174.597	
74.167	40.942	-173.711	
82.768	-3.969	-164.44	
92.342	20.854	-176.232	
81.229	37.007	-170.082	
57.926	24.825	-174.34	
71.811	67.82	169.602	
54.35	38.278	166.973	
113.092	26.466	-160.641	
61.555	40.966	-171.267	
61.152	41.0	-176.365	
78.031	2.968	-168.544	
66.954	43.946	-175.082	
71.129	-25.976	-175.149	
128.28	40.219	172.851	
64.651	45.599	178.703	
89.524	27.708	-172.191	
69.179	36.487	-175.786	
71.231	70.13	176.997	
71.034	2.124	-166.912	
72.987	44.999	167.959	
-32.022	126.58	-175.281	
-170.72	-26.743	179.128	
-29.699	86.42	-173.851	
132.738	-64.93	-172.221	
21.23	68.816	-157.787	
109.831	63.531	-159.051	
-175.215	-142.204	-174.045	
-73.105	-135.863	-163.469	
89.736	-131.881	-171.532	
124.887	-111.862	167.155	
106.771	-14.478	-177.323	
66.39	-94.768	177.375	
150.47	109.813	-171.347	
76.44	-61.428	175.214	
-165.053	-6.589	179.237	
70.564	62.817	-178.312	
154.309	-83.206	-176.627	
151.914	-28.821	170.928	
-51.488	-77.964	179.576	
-56.192	165.922	175.14	
147.334	48.237	168.892	
129.587	102.178	171.834	
-61.702	83.263	-179.823	
121.652	-2.728	-155.909	
88.994	8.977	-170.346	
63.838	45.163	178.484	
57.682	46.037	-177.007	
62.262	58.694	177.855	
59.806	31.818	-173.164	
68.138	58.987	167.999	
108.036	-38.522	-160.531	
86.978	58.003	-179.491	
84.593	9.265	-165.598	
82.768	23.718	-173.063	
71.586	42.011	-173.874	
67.053	36.932	179.164	
71.345	60.389	179.416	
67.242	39.107	-179.45	
56.27	54.215	179.112	
90.063	-46.422	-179.24	
112.677	73.843	177.827	
69.851	24.759	-178.556	
58.007	51.416	-172.579	
126.893	-58.468	-161.089	
63.535	42.045	-179.622	
153.931	49.437	160.724	
64.692	-108.004	-163.765	
115.006	173.011	175.343	
-97.302	66.904	-163.713	
-35.681	-71.576	-170.709	
152.807	-110.168	-151.833	
-68.237	111.008	144.267	
55.987	70.739	169.726	
109.921	-165.585	170.137	
95.623	-136.369	-165.159	
111.773	-17.529	-154.727	
-100.859	32.873	176.532	
66.139	48.517	-172.331	
-163.533	-29.806	-173.554	
179.1	73.373	170.108	
-33.133	-34.15	178.951	
64.711	14.148	-165.974	
72.389	69.419	-171.726	
-47.331	121.255	178.722	
55.047	40.192	-168.886	
72.307	-130.283	-175.778	
67.447	49.317	-178.775	
172.977	59.38	-179.949	
132.729	-127.201	-169.237	
74.677	-106.997	-179.548	
-70.841	-26.141	173.128	
69.353	86.624	174.403	
153.723	123.996	-172.374	
113.202	-58.537	-169.611	
59.874	26.986	172.255	
82.395	-128.277	-158.045	
93.095	-116.562	-171.286	
-81.827	-167.544	179.384	
80.299	177.041	168.674	
-57.114	-95.999	172.605	
28.411	-64.814	179.309	
158.399	164.776	-172.491	
108.31	1.306	175.316	
48.119	-122.028	-165.186	
95.344	-57.223	177.076	
-54.647	-176.593	163.364	
101.592	15.59	170.111	
71.136	34.773	167.408	
78.148	-50.515	-169.334	
92.618	12.173	171.362	
66.318	58.551	176.499	
66.972	73.975	161.467	
71.994	-8.007	-175.305	
88.264	48.099	173.025	
79.629	89.052	172.906	
66.068	31.293	178.719	
70.204	34.576	-165.247	
95.092	3.704	-166.506	
64.549	38.979	-174.18	
43.975	37.597	-175.773	
60.585	53.696	175.858	
89.008	-3.056	-178.987	
101.134	59.086	-174.617	
68.041	-6.378	-171.329	
73.195	62.711	-178.15	
95.06	21.363	-174.518	
91.915	4.804	-162.572	
97.895	11.833	-173.531	
100.085	-9.347	-165.347	
79.077	12.537	-169.403	
36.805	61.941	-176.762	
44.587	63.362	176.787	
53.465	41.039	173.747	
62.27	35.845	176.481	
130.112	47.125	171.892	
53.76	-147.957	164.918	
-108.939	5.244	-176.376	
-35.703	-81.863	-178.665	
25.93	-120.26	159.67	
-5.098	85.951	-179.12	
21.0	-87.439	-177.794	
-112.968	-126.666	178.949	
134.264	6.802	179.966	
-52.228	145.96	178.183	
58.623	-81.825	168.621	
49.743	-98.231	-162.285	
101.612	38.426	178.635	
-64.651	70.96	-166.346	
-70.975	17.021	179.502	
162.812	-156.15	-171.337	
160.152	-104.829	-159.295	
103.719	78.865	179.565	
154.08	-179.821	169.805	
75.453	178.992	-176.764	
154.839	-140.934	172.396	
159.714	127.967	-176.337	
160.956	-153.868	-175.624	
-176.701	15.214	168.447	
-104.518	-165.243	178.418	
-59.443	152.193	168.054	
-175.548	-146.532	-157.025	
61.21	-118.247	169.79	
-75.965	NA	NA	
CHAIN-3
NA	-171.773	-177.282	
64.92	-135.043	-174.127	
53.044	-161.532	171.439	
115.09	-162.89	-177.792	
166.797	-78.898	175.148	
77.892	-116.31	-169.405	
92.943	-143.404	175.476	
176.114	-98.045	172.693	
-46.345	39.984	158.961	
174.029	-48.555	-146.801	
66.469	51.014	167.809	
69.331	-91.501	151.928	
-138.702	50.11	-169.637	
67.091	50.843	-171.923	
76.0	17.201	-173.527	
88.351	26.831	-167.555	
64.092	48.352	177.349	
63.608	44.671	178.636	
50.436	44.887	178.792	
76.7	32.947	-173.669	
55.373	47.526	-174.44	
64.223	39.853	-176.604	
72.722	8.006	179.913	
87.093	16.037	-170.769	
114.676	13.99	-161.489	
81.677	1.718	-163.78	
58.009	46.514	-160.604	
-68.837	71.545	173.102	
42.9	41.947	-179.093	
114.386	11.536	-172.437	
74.86	50.477	-165.387	
112.553	-90.917	175.056	
73.778	23.144	-175.056	
70.906	17.947	-177.747	
56.154	58.03	-170.374	
106.81	-110.433	-153.408	
75.377	37.57	-166.315	
163.039	-79.37	176.601	
135.654	9.656	-175.206	
61.358	42.829	-170.661	
69.851	-125.798	177.902	
70.544	42.958	178.905	
-86.781	-62.681	-179.449	
73.25	-159.695	-150.94	
-35.726	-52.291	177.788	
115.527	-49.376	165.964	
44.394	-155.224	-155.042	
78.512	-12.913	-130.096	
71.833	91.777	155.041	
121.217	106.428	146.097	
136.223	-160.268	-177.16	
104.782	147.453	-149.605	
62.706	-166.608	101.888	
128.888	56.605	-120.285	
118.63	-56.599	-127.41	
-29.481	95.564	126.175	
-131.661	-114.376	151.723	
-173.674	-55.445	-176.181	
-156.698	-39.14	146.337	
-33.016	144.336	-112.502	
136.116	-56.166	-113.067	
-158.209	-161.152	-148.508	
-2.126	87.667	-143.012	
-128.048	-165.338	-158.988	
133.631	-40.885	-143.367	
-22.872	-171.974	-150.513	
-100.926	163.437	137.068	
115.381	102.919	-128.586	
-5.355	-51.489	-174.712	
120.831	39.213	-174.034	
65.03	48.571	177.257	
54.071	35.071	-176.167	
65.012	71.151	176.516	
53.606	24.019	-172.14	
81.044	53.671	172.594	
67.133	33.3	-176.462	
93.105	5.739	-162.251	
80.953	17.738	-171.901	
84.138	-33.1	-174.801	
143.004	35.81	-179.536	
53.539	34.807	179.129	
97.239	-22.301	-178.331	
115.423	38.372	-169.546	
79.355	-37.886	165.61	
154.265	0.913	179.299	
138.568	58.581	179.264	
46.497	60.234	-176.565	
84.114	-50.941	-152.294	
80.423	32.453	-150.742	
-139.816	86.549	161.524	
4.296	-91.148	166.711	
76.595	-135.505	177.71	
171.357	-0.303	-174.32	
35.402	47.137	-172.16	
75.42	-80.527	-176.119	
72.428	4.015	-163.382	
-66.394	83.865	172.962	
-150.63	-132.095	171.856	
46.721	59.53	-177.503	
93.04	171.28	-174.825	
-79.655	-102.685	-177.883	
76.536	19.122	-177.679	
78.324	-77.879	-170.339	
154.599	-56.595	-171.101	
74.711	44.118	-176.777	
30.214	-117.701	169.459	
105.056	67.406	-178.202	
-120.087	52.134	177.29	
167.8	77.203	161.176	
-125.946	149.273	-170.655	
100.098	-127.981	133.438	
93.455	40.04	157.486	
11.726	-105.307	-172.267	
-101.572	170.763	178.417	
35.106	-4.842	-146.735	
-130.602	130.387	-176.121	
40.783	68.052	-157.406	
103.054	144.238	-170.375	
83.152	77.57	-152.672	
-121.045	179.995	171.263	
-26.067	-81.859	167.256	
47.194	92.321	-150.167	
-10.795	-112.378	175.244	
160.757	114.956	159.358	
22.095	-112.205	-140.291	
115.074	90.266	170.454	
112.786	-133.161	-176.075	
177.493	-28.767	122.26	
104.826	155.5	-168.523	
-57.352	-14.628	-7.306	
117.661	-68.143	-150.319	
-53.886	-6.177	-150.877	
108.75	17.593	-170.098	
70.459	29.244	-169.567	
73.472	5.507	-169.39	
104.368	68.335	175.56	
33.232	40.495	173.277	
82.721	9.684	175.825	
106.051	4.31	-156.622	
80.918	34.908	-164.274	
70.155	-14.585	-161.053	
127.081	25.271	178.695	
75.322	72.027	175.46	
59.108	1.098	173.962	
85.374	44.152	-170.082	
70.25	26.262	-176.648	
44.237	55.751	-174.701	
80.787	19.759	179.977	
71.985	13.197	-170.273	
67.209	44.88	179.904	
100.819	-13.285	174.57	
66.085	-82.89	179.116	
156.423	-151.096	-164.443	
114.791	24.829	-165.162	
-63.069	65.154	175.308	
61.825	11.355	157.192	
154.779	91.831	-175.863	
-119.267	-171.241	-174.799	
14.578	-104.293	-177.42	
77.048	56.843	-151.129	
8.683	76.585	174.431	
56.805	NA	NA	
CHAIN-4
NA	10.994	-178.892	
66.787	-128.979	172.463	
89.231	87.494	175.32	
148.27	-172.564	155.514	
-17.504	-109.873	170.118	
130.01	95.971	-174.871	
-41.508	39.2	177.985	
-56.659	108.664	-175.855	
56.683	76.446	-170.042	
-50.125	118.781	169.468	
125.087	-16.905	-157.228	
55.281	48.187	-169.234	
47.176	59.688	173.785	
42.837	46.19	-176.869	
55.914	57.867	176.778	
67.175	8.691	-172.838	
94.015	35.223	-175.557	
67.724	47.913	176.219	
70.725	35.862	-178.874	
75.311	27.245	-167.404	
95.862	-9.41	-167.505	
103.454	37.537	-171.086	
59.262	70.516	-172.811	
54.688	4.292	-175.159	
83.585	51.037	-178.936	
70.744	17.946	-170.184	
63.666	8.825	-169.413	
73.459	41.613	-172.9	
72.321	110.994	-175.905	
-53.247	70.08	173.419	
46.836	46.312	166.695	
93.453	-44.277	172.662	
123.069	49.28	-178.742	
73.456	58.328	-155.714	
96.984	-101.448	170.334	
59.374	80.614	-174.852	
-55.354	108.998	170.139	
90.68	-127.78	-178.907	
162.498	132.944	168.661	
-41.669	149.428	178.912	
56.277	38.723	-176.994	
-57.378	22.424	162.296	
-42.695	-36.453	150.564	
23.503	52.054	164.892	
-67.655	-21.432	-178.153	
-71.333	118.116	173.576	
119.307	28.059	-179.465	
-70.54	-128.149	-175.676	
80.363	159.704	170.538	
59.696	-172.821	-178.58	
98.452	-83.675	-177.787	
140.05	55.952	-177.82	
154.581	-134.478	177.728	
-175.655	93.623	178.738	
-65.587	-80.459	-170.081	
-66.551	33.015	177.165	
117.573	91.105	169.363	
-56.561	-22.425	-178.169	
-85.816	-175.699	179.465	
60.548	-120.933	174.862	
88.047	-14.206	172.82	
144.487	35.111	179.818	
66.856	41.575	-171.223	
62.581	39.237	-177.865	
58.485	44.272	168.906	
85.626	1.167	-172.654	
73.093	39.723	-173.176	
58.387	59.579	-178.574	
46.904	42.237	172.824	
48.681	69.149	-176.026	
76.158	-22.187	-160.665	
127.569	-25.742	-175.15	
129.138	47.205	-171.308	
61.594	-0.228	-179.819	
87.083	11.469	-166.554	
82.319	32.844	-166.204	
69.933	38.577	-164.884	
68.726	-45.944	177.469	
170.006	58.079	168.491	
59.151	32.479	-174.188	
76.621	56.07	-174.257	
120.439	-100.295	176.089	
41.238	-128.281	179.152	
177.947	-103.244	-172.175	
173.437	-70.758	176.289	
-4.717	62.261	-173.856	
50.504	55.482	-173.855	
-64.661	-77.453	172.451	
133.284	13.78	-170.983	
106.418	55.468	174.515	
40.329	30.692	-176.035	
153.684	12.662	171.183	
-87.79	177.961	169.618	
79.711	128.778	172.199	
-64.656	-8.414	-178.393	
-99.106	89.916	-179.2	
132.265	-14.116	179.815	
72.303	154.223	175.35	
-62.314	-7.955	-170.336	
65.262	-0.326	-166.567	
69.017	-0.518	-175.497	
146.745	14.219	-177.065	
70.987	50.449	-160.893	
81.384	-127.861	168.978	
45.326	-147.554	-173.57	
-132.246	-41.85	179.414	
61.824	84.257	178.745	
-86.547	51.616	-174.539	
154.619	25.853	178.428	
7.232	-114.728	179.583	
78.603	38.037	-177.307	
-88.744	154.849	164.982	
162.543	177.36	-151.027	
-130.818	-122.26	-178.703	
-138.207	-104.844	-169.71	
45.337	34.469	-174.553	
81.975	-123.224	-179.24	
-31.173	124.369	171.783	
82.13	124.824	163.523	
153.229	-173.234	-158.383	
70.92	-81.81	173.196	
135.607	54.617	-163.987	
89.298	0.894	-153.12	
102.389	-33.816	-155.835	
99.13	67.16	177.444	
39.578	56.039	-178.127	
55.315	11.947	-171.404	
79.237	54.722	-178.673	
59.661	54.923	173.259	
52.888	34.96	-173.981	
77.624	39.425	-168.463	
86.296	-88.872	173.867	
-142.698	25.212	-172.27	
73.194	46.69	-170.837	
52.065	54.215	-170.182	
30.92	66.997	-176.172	
56.1	53.09	173.003	
52.308	55.258	-173.84	
94.958	-42.507	-170.546	
113.528	33.171	172.753	
104.594	11.733	-150.728	
59.987	-159.539	159.723	
-88.407	17.657	-172.196	
166.165	-83.06	-175.238	
-101.715	-177.476	172.728	
164.841	-20.425	177.257	
141.235	-144.093	176.338	
114.51	-109.003	-162.222	
-62.197	-148.509	176.935	
140.468	86.559	-178.647	
169.957	170.707	-178.269	
89.178	-78.48	-162.866	
121.324	61.883	-178.152	
164.568	-43.615	179.686	
125.149	51.142	168.673	
78.305	-27.414	178.837	
127.88	5.533	178.819	
-58.458	-104.514	176.568	
93.471	79.287	178.777	
139.327	-127.595	178.13	
145.866	-165.935	162.432	
85.437	13.731	177.55	
-69.06	178.037	-172.428	
63.291	-174.966	178.062	
47.483	57.407	178.288	
151.935	NA	NA	
CHAIN-A
NA	-98.796	52.111	
-163.564	75.403	-134.621	
71.287	-146.937	54.256	
116.524	-78.015	175.851	
51.997	-170.454	38.988	
109.827	14.153	160.185	
139.616	-80.629	137.585	
-147.771	-34.531	-163.524	
-149.261	-86.799	-116.451	
7.805	65.266	163.978	
41.248	-102.276	167.62	
70.972	-155.259	179.628	
81.887	-82.597	-161.979	
114.62	-97.848	-166.215	
-121.487	-109.543	-174.223	
-146.369	-102.102	162.393	
40.565	-99.386	-145.328	
-138.138	129.995	177.064	
-99.561	-109.819	-155.132	
-149.388	-87.871	165.011	
-61.719	-142.219	118.806	
91.104	32.145	-152.011	
72.866	-48.23	173.718	
54.072	-158.748	-148.713	
5.455	-105.072	131.707	
110.245	0.802	164.378	
-105.759	79.578	-153.521	
29.56	-125.688	166.549	
86.143	-149.719	-176.509	
169.719	-170.806	169.715	
109.265	37.958	173.904	
42.797	47.841	-178.804	
60.157	3.747	-172.163	
90.851	16.447	-164.315	
92.792	37.01	-148.374	
50.811	-155.785	-176.355	
-96.079	54.659	-174.168	
84.647	58.778	-169.074	
54.092	-158.272	-171.511	
-47.283	-2.943	-173.689	
44.781	46.312	-166.659	
95.392	-141.183	-177.181	
172.598	62.09	177.381	
-74.182	-78.877	-157.059	
150.009	-1.135	-179.079	
158.762	-140.79	159.524	
-124.583	57.632	-142.848	
172.124	-143.809	175.929	
57.097	-15.126	168.144	
136.977	-105.284	-177.333	
18.313	103.961	-160.952	
-55.14	101.349	-168.252	
38.959	77.85	173.792	
21.904	62.736	-171.975	
55.678	33.301	-169.435	
67.996	17.539	-169.638	
91.442	48.399	170.344	
65.925	27.839	-172.568	
74.631	7.544	-178.868	
106.289	61.288	179.564	
71.499	12.888	-147.048	
51.116	94.365	-176.053	
0.676	51.92	173.3	
71.084	-7.54	-173.503	
90.413	61.592	-171.678	
41.307	73.913	-160.486	
57.015	-111.115	177.667	
-132.894	65.375	-170.714	
47.812	28.429	179.126	
85.28	34.196	-171.802	
75.052	41.505	-159.504	
60.827	-162.175	177.661	
-77.145	33.108	176.918	
76.31	63.358	-165.834	
63.484	-72.097	179.634	
-175.577	45.012	-167.818	
72.129	59.945	-154.663	
65.869	-124.778	161.31	
-109.683	67.148	-175.901	
71.641	-13.792	177.138	
121.077	86.749	166.533	
79.038	21.52	-164.74	
91.806	-74.746	146.077	
64.087	94.57	172.106	
-52.766	15.636	-176.792	
78.037	45.186	-173.286	
54.051	60.155	177.253	
50.882	45.447	174.486	
69.261	24.795	166.579	
85.475	41.535	-171.074	
63.437	27.409	171.389	
124.296	-46.245	-177.261	
77.32	172.916	159.57	
-57.873	22.655	168.564	
102.789	44.134	159.715	
70.66	83.109	178.329	
-103.739	-70.146	143.502	
66.717	-157.996	-169.025	
133.134	-161.971	-166.722	
138.106	37.275	177.493	
96.535	-151.897	176.219	
158.69	-150.748	163.072	
75.908	68.554	144.88	
-96.758	-131.285	164.186	
96.43	-61.05	178.534	
92.098	-143.218	177.826	
-47.325	141.199	-178.754	
52.336	37.797	172.752	
43.169	-141.32	-177.712	
-140.953	38.808	179.172	
54.248	32.228	-179.343	
68.031	-0.953	162.968	
127.942	-79.388	158.116	
130.3	-113.637	154.868	
21.073	-112.901	161.422	
109.033	19.679	-170.803	
-171.073	93.75	-173.317	
68.543	-46.736	-166.116	
-74.169	-49.594	-171.414	
159.993	-155.916	177.631	
76.295	-120.999	-178.375	
175.562	-179.503	-176.669	
108.955	-130.553	163.275	
61.461	162.547	167.861	
153.32	-143.595	-167.652	
142.314	-60.696	176.033	
157.595	-89.542	158.139	
66.203	-46.705	-155.026	
64.0	163.799	175.779	
-55.668	-12.748	167.985	
166.984	22.564	-150.19	
70.399	45.96	169.775	
58.798	11.124	-172.584	
51.337	56.119	-168.041	
4.176	80.168	167.845	
15.297	-75.359	-163.42	
52.958	-64.877	170.197	
-167.22	53.962	166.685	
-48.986	-156.447	174.976	
-132.542	-128.552	172.144	
65.98	55.424	-167.351	
54.417	26.309	-177.457	
64.309	60.571	-177.23	
45.786	21.224	179.698	
78.516	-7.305	-176.763	
120.159	53.456	-164.768	
40.848	38.252	178.169	
63.726	55.842	179.646	
74.902	31.448	-164.708	
46.955	36.474	-173.499	
65.852	53.719	177.559	
66.39	20.538	-173.546	
61.722	66.87	-176.439	
63.658	-92.728	163.313	
-131.689	-127.997	165.084	
-90.742	56.782	-168.543	
82.977	64.055	-169.578	
71.312	-49.041	-173.64	
160.708	13.03	-168.149	
99.189	-4.887	-166.804	
83.029	17.301	-175.55	
87.999	25.296	-160.39	
69.359	54.036	175.988	
63.696	-18.753	-152.978	
128.898	126.661	154.672	
24.169	56.013	-179.399	
55.752	44.102	-163.876	
68.232	-145.88	168.881	
62.796	-31.479	-153.843	
-61.531	-145.812	-156.507	
71.868	163.772	179.206	
153.968	175.333	-177.165	
18.644	89.358	173.566	
29.933	50.173	164.417	
51.143	38.414	-172.919	
107.247	34.081	-179.46	
80.097	-5.423	-134.647	
106.677	-110.778	-173.76	
83.756	21.335	149.857	
32.902	35.122	175.939	
104.23	16.412	149.62	
45.746	55.872	-178.656	
63.209	36.743	-163.632	
62.022	-116.68	160.636	
-110.143	87.964	176.861	
36.284	72.453	176.479	
65.507	29.333	173.267	
69.751	54.298	167.718	
129.872	-67.878	174.818	
-168.268	63.128	-156.749	
47.829	58.212	-175.925	
69.531	69.037	176.002	
60.697	-15.591	-171.401	
148.59	-130.571	154.2	
-93.581	52.874	-166.741	
64.018	77.759	178.129	
45.177	41.25	-176.906	
59.218	36.815	-170.203	
50.231	63.202	-177.181	
66.62	-77.824	172.019	
-137.029	-13.739	-171.537	
128.622	-10.563	-167.639	
150.476	49.965	-150.656	
46.098	-109.96	-165.374	
-93.824	53.726	171.867	
85.463	63.161	-170.022	
38.933	53.97	173.556	
68.935	36.893	174.61	
81.981	-29.603	-171.636	
165.211	-5.46	-173.044	
81.062	43.858	-172.742	
107.421	-32.946	-166.059	
102.894	37.959	173.561	
62.148	-52.108	173.104	
161.561	51.784	177.49	
-179.879	110.224	179.414	
-52.855	-179.688	-158.763	
136.889	-119.537	176.002	
36.7	-149.147	168.219	
-71.573	12.191	-147.231	
85.747	-18.011	-160.987	
138.732	76.704	147.177	
112.053	-69.782	-178.547	
28.332	-171.147	-177.459	
87.531	2.408	-176.477	
138.586	58.741	-159.996	
-25.328	41.583	177.799	
96.312	-53.117	-173.903	
111.573	162.604	-167.475	
15.054	21.807	167.587	
68.686	-8.611	-174.103	
16.913	-37.256	177.025	
110.644	34.48	-168.566	
80.911	25.444	-169.223	
62.998	-1.633	177.826	
76.364	34.338	-173.106	
96.576	-85.834	168.992	
-131.7	-35.749	-168.831	
-94.336	-160.217	174.6	
52.09	-158.136	-166.403	
90.568	-41.08	170.086	
-63.069	7.752	-160.972	
-54.389	52.829	-162.939	
166.599	-69.996	173.02	
125.915	45.003	177.689	
-52.315	-98.405	-166.124	
-49.029	-87.299	150.928	
2.67	103.375	-179.222	
-56.897	-174.455	-173.433	
124.294	-110.021	-156.241	
160.325	-46.804	177.672	
105.531	-137.313	-171.694	
111.266	-122.868	-164.57	
107.95	-96.901	-160.783	
87.5	8.454	-169.506	
170.851	-57.951	-166.071	
170.751	169.01	-176.342	
178.103	-48.209	173.397	
-37.996	-156.317	168.195	
25.538	89.074	-161.118	
-12.059	69.503	176.233	
-13.171	-55.948	-167.156	
-3.871	-127.072	-175.038	
104.245	79.058	165.07	
-101.804	86.056	176.178	
51.577	133.622	160.782	
149.714	-123.462	175.398	
56.103	-124.189	-165.559	
75.99	-105.754	166.625	
-118.423	25.316	-171.078	
157.491	-64.186	170.713	
56.855	-41.39	174.967	
90.5	-22.352	169.242	
-67.485	-150.682	169.253	
79.568	-156.568	170.773	
106.132	34.954	-167.323	
41.007	27.02	-168.233	
84.474	61.181	170.793	
31.221	26.06	-171.3	
72.857	54.065	172.562	
55.064	42.997	177.292	
69.453	29.83	179.144	
83.866	35.333	-173.871	
60.32	63.296	-174.364	
50.681	6.532	-175.597	
88.915	98.885	-169.185	
3.657	64.462	-171.942	
24.832	61.882	-172.937	
81.057	-128.728	152.422	
-99.699	57.599	-178.521	
67.353	58.668	-155.657	
89.185	-123.302	-177.293	
-142.826	55.359	-177.973	
67.493	-12.669	175.942	
104.673	-7.247	-148.638	
73.3	-148.095	-11.586	
177.805	30.61	-178.33	
113.547	142.081	-69.507	
157.957	51.904	177.52	
54.472	85.533	-174.616	
-36.428	73.794	172.8	
68.821	25.547	-179.639	
101.133	30.584	-164.159	
76.987	-84.208	170.383	
177.563	97.824	176.221	
70.06	-102.963	-169.819	
115.932	172.377	-177.863	
160.477	154.152	-166.266	
71.678	94.633	176.5	
67.73	19.257	178.908	
48.656	152.334	168.191	
114.354	-78.33	179.733	
40.585	47.271	-172.902	
68.272	16.288	-166.699	
39.902	58.883	-168.599	
59.539	-105.069	-179.892	
-105.22	-12.094	175.995	
54.463	-62.251	-168.743	
-91.879	-89.607	-149.359	
43.638	65.504	-177.513	
47.485	-15.001	-159.715	
98.778	-26.345	-164.092	
131.102	-12.927	164.861	
159.336	-68.422	178.859	
162.268	77.531	174.421	
-82.47	88.086	-167.032	
29.15	41.481	-164.321	
69.088	63.685	176.329	
74.485	-20.825	-167.155	
107.969	46.136	175.029	
62.812	47.268	-162.147	
73.279	-132.538	165.309	
-116.637	71.844	177.248	
51.566	47.546	-173.01	
55.026	36.426	177.773	
88.815	65.11	-171.473	
35.744	65.536	-171.515	
47.259	66.534	-175.613	
61.466	17.502	-175.941	
95.177	-3.486	-168.136	
90.04	52.418	175.536	
71.188	3.154	-165.458	
73.621	26.061	-164.514	
51.557	62.97	170.779	
43.459	14.692	-170.203	
99.012	62.755	174.61	
48.007	13.243	-176.799	
76.03	62.345	170.641	
74.053	23.738	-175.638	
106.779	-13.715	-171.486	
166.508	-69.946	-177.903	
52.722	-132.497	-171.859	
97.674	5.517	-173.872	
115.277	-143.951	-172.362	
56.82	-139.468	176.476	
-56.483	-70.617	-172.421	
143.788	-130.228	177.275	
-118.961	69.925	-158.797	
41.006	35.523	174.703	
90.868	-8.951	-171.731	
-25.141	83.441	171.391	
66.618	15.578	178.683	
100.069	-14.637	-163.983	
153.881	-61.047	-166.231	
153.306	40.912	-146.309	
29.153	65.254	-179.819	
46.167	70.103	177.332	
56.802	2.298	-164.902	
114.567	29.738	-165.391	
61.055	70.886	-161.961	
61.447	-108.307	179.22	
-149.347	39.233	-173.883	
86.083	17.351	-169.534	
83.705	40.259	-177.118	
75.702	-33.88	176.696	
164.104	54.742	-176.061	
62.812	12.839	177.559	
102.117	5.012	172.03	
100.406	46.767	-177.01	
56.231	48.643	-170.227	
41.747	56.925	176.829	
55.327	1.717	-174.937	
108.928	55.422	-175.714	
34.656	62.268	172.527	
62.086	24.097	-168.718	
68.284	42.792	-171.327	
54.108	48.734	-169.846	
53.342	37.712	-168.073	
65.85	69.231	168.4	
41.009	40.074	-174.431	
70.53	73.165	176.886	
140.972	-152.254	-173.77	
-179.178	67.644	-168.32	
46.736	-163.583	-168.18	
71.844	91.37	175.253	
91.82	132.673	174.837	
110.829	-10.455	-178.54	
61.406	-88.985	156.368	
-178.4	4.367	145.261	
51.85	171.212	-170.2	
-2.023	-75.851	-177.05	
145.264	159.643	178.807	
41.203	16.698	165.859	
111.315	74.671	-155.818	
24.885	35.303	-167.943	
69.221	76.294	172.899	
39.238	59.515	-172.054	
39.194	49.358	179.19	
38.519	56.863	-156.694	
86.162	-147.657	175.377	
-179.951	36.307	-167.903	
85.435	-41.973	151.987	
156.254	67.854	-167.117	
56.518	31.555	-179.216	
97.47	11.851	-171.891	
68.863	54.979	-156.974	
64.563	-159.495	179.142	
-97.262	41.241	178.943	
68.836	65.339	178.526	
56.307	36.304	-172.171	
42.511	48.608	173.792	
71.44	42.435	-179.742	
71.924	18.37	-174.008	
72.764	56.974	-161.523	
58.223	-173.081	-178.28	
-81.757	59.09	-174.628	
74.797	37.027	-169.927	
93.146	7.277	168.069	
118.162	4.092	-170.797	
145.578	53.351	-176.398	
51.822	17.304	-171.357	
49.078	56.901	-171.917	
55.214	53.674	176.281	
53.764	30.215	-168.128	
46.187	68.415	175.293	
37.045	64.621	-175.964	
44.863	56.907	165.431	
65.684	12.419	168.172	
127.221	11.258	-170.542	
97.829	25.356	-168.441	
81.425	35.698	-157.398	
62.11	44.222	-168.635	
-79.462	-85.128	-173.061	
145.547	-21.534	166.645	
2.904	37.829	-159.785	
18.23	39.249	159.631	
134.313	-18.121	176.249	
66.07	91.438	172.802	
-156.679	-12.119	-176.526	
45.755	-156.891	-170.877	
62.426	-14.315	166.845	
158.211	17.537	-179.966	
93.93	53.343	-171.392	
84.054	-130.312	149.703	
60.329	-112.5	170.749	
150.908	37.295	-164.785	
-60.526	-120.269	169.096	
17.451	-39.957	-175.875	
158.29	-142.666	-174.791	
118.179	65.385	-158.714	
-35.14	75.849	176.944	
64.498	-91.483	-167.569	
150.196	92.018	177.401	
143.514	30.787	-166.59	
46.746	58.514	178.695	
63.554	4.201	-172.143	
118.004	-17.923	-168.791	
107.123	63.47	-165.68	
70.267	-79.614	172.2	
-153.63	3.226	177.016	
81.638	23.376	-168.834	
58.129	-57.414	-173.522	
167.615	-26.981	-169.167	
101.54	148.963	-150.054	
42.944	23.326	-170.895	
44.32	-134.086	-164.831	
73.926	80.576	-168.528	
-160.084	130.497	-175.044	
-106.465	-75.765	-173.898	
-19.161	-98.443	-155.769	
-132.509	63.276	-171.633	
-170.539	98.813	158.668	
174.508	39.159	-179.673	
153.114	-108.801	167.756	
53.942	28.224	-172.128	
59.465	-12.553	179.21	
103.771	-140.733	178.991	
13.465	72.513	176.095	
64.252	-141.863	-163.178	
-48.688	-156.288	-169.193	
-77.646	-154.089	163.095	
156.546	73.463	178.681	
20.536	-19.125	168.824	
84.217	-94.295	-173.697	
-92.085	-153.37	163.823	
125.346	-1.958	-156.141	
91.37	83.242	175.03	
103.909	124.928	-173.363	
122.98	165.358	-160.648	
148.535	125.316	-179.405	
96.523	-149.625	179.868	
147.297	-175.891	178.152	
24.75	59.853	166.229	
-61.971	-83.728	-170.015	
61.365	-161.291	172.822	
138.561	126.18	164.05	
-84.598	139.824	-174.897	
88.377	-140.289	171.554	
-86.918	-39.694	174.487	
-174.05	42.973	-169.174	
52.964	46.536	166.425	
104.678	34.584	-161.504	
47.921	57.349	176.812	
46.988	23.738	-178.516	
94.237	36.34	-176.118	
55.784	40.882	-171.38	
47.365	46.891	179.848	
54.378	70.61	-174.574	
48.942	36.872	-171.52	
70.031	46.712	-177.614	
62.548	36.525	178.302	
70.855	58.602	-177.375	
60.109	39.273	-148.629	
56.371	-132.205	-179.243	
-102.62	48.465	-170.571	
45.133	61.868	173.059	
69.406	29.381	-172.477	
82.566	37.294	176.611	
65.622	69.029	-178.505	
50.928	24.972	176.385	
70.618	52.602	178.923	
75.181	29.002	177.08	
69.214	57.025	-177.516	
75.216	-46.351	163.586	
74.475	32.22	159.879	
130.128	18.251	171.549	
157.781	-150.367	176.756	
172.244	-165.494	-167.603	
93.07	-44.398	-151.866	
130.791	39.517	-161.097	
141.916	-122.301	-173.074	
91.713	34.781	-179.498	
69.458	-35.943	154.013	
111.051	-21.932	-169.176	
145.464	-107.535	147.509	
177.681	25.681	-160.806	
123.325	88.282	179.857	
152.779	168.876	174.649	
83.084	23.476	-165.462	
65.525	107.435	162.069	
-47.639	-119.887	176.187	
35.651	73.735	-172.309	
167.996	-143.788	174.581	
53.882	50.059	-179.03	
-157.477	-147.332	165.174	
37.284	24.516	175.457	
63.594	166.376	-176.958	
-53.374	-8.273	172.235	
-101.952	82.373	170.321	
105.967	71.719	-169.203	
-61.953	-32.595	176.937	
108.624	68.765	166.279	
66.05	63.733	-172.253	
-28.766	134.014	-174.772	
-48.498	131.234	173.935	
-169.07	8.233	-157.009	
58.032	41.631	163.938	
85.654	23.281	-175.424	
77.342	26.168	-178.375	
99.337	-30.85	-178.605	
131.342	45.63	-169.565	
85.357	-0.517	-176.823	
100.392	26.488	-163.231	
62.799	65.81	-176.212	
28.033	50.707	-168.921	
63.413	70.753	164.723	
41.239	39.998	-171.867	
43.352	37.423	-166.606	
70.21	52.316	171.293	
44.525	61.72	-174.09	
67.395	49.279	174.207	
55.232	22.027	-175.361	
99.901	14.274	178.795	
79.179	44.199	-167.011	
49.002	58.829	174.941	
49.567	26.082	179.684	
72.983	64.894	172.411	
49.762	50.282	179.12	
73.297	37.028	-177.291	
64.615	35.447	-168.237	
67.373	68.07	163.652	
52.013	7.335	176.838	
122.377	43.621	-167.451	
50.738	38.251	-167.667	
135.676	-173.133	170.112	
-71.814	103.034	179.011	
49.632	-132.303	161.276	
-153.7	155.768	169.165	
168.964	-143.032	-176.665	
79.095	-161.091	-174.366	
171.896	160.744	176.278	
47.605	-150.021	-174.772	
-49.678	-20.003	178.645	
-31.129	-48.725	-171.853	
69.973	-105.701	174.89	
62.994	-140.574	175.504	
138.96	-62.391	173.967	
43.073	-144.752	-176.526	
38.319	23.255	-173.588	
154.453	-105.155	-158.361	
30.592	-117.252	164.004	
39.78	-96.157	178.973	
84.235	33.891	-166.897	
27.727	59.151	179.471	
-2.129	72.234	165.498	
129.66	-15.952	154.147	
144.779	-11.385	-162.109	
105.737	12.873	174.711	
71.857	-3.453	164.784	
122.506	8.949	-172.63	
-59.31	0.597	-170.431	
106.457	43.643	-173.239	
44.203	31.837	-174.223	
69.456	9.047	-161.596	
127.308	22.104	-160.459	
58.455	68.742	178.685	
74.665	25.774	179.07	
106.722	121.544	-171.469	
7.38	52.171	-176.742	
83.781	30.586	-175.086	
67.093	85.068	-165.228	
65.507	-140.667	172.898	
-117.426	31.518	-162.177	
54.107	20.717	-163.041	
81.071	26.325	-173.173	
73.368	46.242	176.596	
87.195	-4.968	-165.229	
104.334	9.97	162.504	
72.859	0.472	178.431	
71.42	-140.706	-170.821	
-83.6	-30.78	162.388	
118.517	89.61	168.307	
176.435	42.151	-174.619	
89.113	49.561	-164.333	
-22.495	30.481	-177.801	
68.364	13.661	-177.236	
85.549	57.393	-176.531	
51.301	45.083	179.457	
71.679	13.711	-163.715	
86.007	61.832	-178.878	
28.717	13.978	-169.23	
92.606	55.266	-162.427	
65.788	-163.174	179.791	
-66.988	25.793	-159.271	
99.474	-12.842	-172.452	
119.766	50.302	172.62	
54.306	51.254	-165.561	
42.998	64.576	-176.157	
71.057	-52.523	-169.263	
149.156	23.528	178.544	
62.102	44.403	174.881	
53.049	38.642	-178.851	
60.99	40.485	-171.896	
73.042	40.654	-175.495	
68.423	41.754	164.425	
95.095	-11.825	163.092	
129.472	-159.657	-176.522	
66.162	144.163	172.163	
158.387	50.202	-168.388	
69.49	-6.695	-178.072	
75.396	64.96	174.71	
66.991	20.548	-158.598	
55.877	81.884	176.879	
32.286	38.113	-175.006	
75.199	45.646	174.625	
61.558	16.717	-175.921	
85.645	47.141	-179.482	
45.047	52.197	-170.991	
47.705	58.921	175.492	
57.786	36.42	-170.295	
56.181	75.101	173.316	
43.408	37.988	-170.038	
49.078	56.845	178.235	
61.612	31.172	175.931	
60.209	50.692	-176.651	
67.627	9.557	164.223	
-62.082	-82.172	178.209	
150.371	-0.416	177.971	
113.333	71.603	152.74	
27.419	59.292	173.626	
40.764	-123.461	172.689	
-76.034	-62.863	176.138	
27.208	-91.232	-178.491	
55.367	-129.778	169.831	
139.755	-152.137	177.619	
77.514	179.606	170.292	
83.645	-140.986	156.938	
72.193	-74.232	176.83	
-29.885	63.96	178.442	
84.876	27.001	-164.653	
52.06	45.174	176.105	
54.479	42.562	-177.419	
70.745	40.03	-171.631	
51.336	45.289	-175.32	
85.216	-11.056	-158.531	
82.668	138.124	-150.127	
-42.453	75.727	178.721	
55.602	46.886	-176.067	
65.407	56.166	-172.259	
39.799	26.66	-179.03	
94.139	50.541	176.429	
71.159	17.943	-161.82	
74.84	91.395	177.445	
36.793	18.78	-179.506	
87.905	63.293	169.923	
65.135	24.089	-160.301	
34.005	57.667	-177.725	
78.004	38.889	-172.097	
43.274	30.389	-171.192	
85.352	61.313	-174.99	
34.595	56.397	-168.414	
51.193	101.159	168.437	
47.27	-87.758	159.916	
-151.046	6.33	-169.962	
148.425	-47.187	-157.218	
152.72	38.67	-155.797	
65.15	-122.198	175.034	
-80.202	-114.181	-178.527	
-31.937	-102.683	169.141	
-109.696	NA	NA	
CHAIN-B
NA	-75.095	175.787	
122.961	169.799	-173.829	
129.631	-133.441	163.083	
150.68	146.217	160.145	
-7.693	-111.753	168.442	
89.82	-71.786	-153.992	
170.967	59.587	-169.488	
74.226	-178.98	166.658	
142.234	44.979	-174.5	
63.771	47.494	-172.237	
57.38	33.298	161.588	
68.438	30.002	177.421	
125.7	-33.982	-177.492	
89.803	-121.447	156.935	
81.999	9.453	176.742	
81.774	154.329	-174.264	
94.183	27.651	-176.131	
40.649	45.515	-163.308	
20.321	51.541	173.67	
80.878	71.096	169.196	
46.704	65.141	-177.334	
51.767	17.066	-169.008	
70.775	57.984	173.783	
80.654	-65.851	-179.657	
-154.314	-32.891	-159.134	
131.033	20.004	-172.188	
28.59	63.031	167.429	
81.789	1.149	-178.069	
81.717	-49.596	175.341	
42.611	64.85	171.255	
48.676	-119.888	177.304	
-52.474	-78.825	-152.138	
154.127	-123.128	167.701	
-16.521	66.027	161.171	
70.745	-12.426	158.28	
114.532	-147.355	-174.808	
142.916	-148.323	-177.62	
52.17	27.065	-170.772	
74.107	51.56	-172.436	
52.178	78.535	-176.903	
23.031	82.179	-178.56	
31.256	77.712	176.737	
49.096	27.428	176.664	
82.726	-0.776	-163.588	
110.706	15.587	175.824	
78.291	59.298	-173.084	
76.911	-3.207	-165.622	
72.041	77.827	-178.167	
76.063	-33.514	-155.911	
105.828	25.494	-162.407	
66.502	18.939	-159.443	
87.368	174.66	158.649	
-55.818	37.764	172.511	
63.797	44.036	177.871	
85.699	13.35	-179.787	
80.441	19.413	-179.527	
94.501	20.109	-169.175	
80.709	9.105	-173.454	
85.828	65.467	178.567	
54.463	40.216	-174.026	
49.205	59.916	177.681	
65.472	25.661	-174.603	
64.261	44.72	-177.652	
82.103	-0.048	176.365	
112.025	10.463	-161.577	
100.804	-60.157	164.532	
-169.999	-116.987	-168.592	
-142.198	13.2	178.612	
136.274	2.499	171.756	
-166.196	-146.388	161.208	
-91.907	-90.723	168.758	
44.125	-132.108	-166.875	
142.495	44.64	-169.757	
74.026	-14.149	-162.617	
104.539	104.806	179.899	
20.636	16.835	-165.28	
99.048	-25.57	-169.746	
109.344	25.304	-164.869	
-158.841	-117.914	164.993	
82.313	-42.338	-176.939	
51.348	-122.321	172.539	
38.613	-46.177	-175.911	
122.963	-91.856	-158.732	
-47.519	-52.948	-163.864	
16.763	145.263	-175.705	
176.93	-134.115	-173.23	
88.562	71.182	170.889	
158.47	-169.878	174.954	
88.022	-112.502	-176.012	
74.47	-132.575	171.476	
140.416	-78.145	-170.715	
121.791	-115.014	-179.223	
39.515	19.739	-179.526	
78.577	28.551	-174.107	
45.945	-134.923	-168.251	
72.139	170.964	-178.083	
74.885	36.399	-155.649	
40.7	-24.634	-148.429	
58.917	33.896	175.15	
70.742	31.079	176.058	
73.807	-134.66	-173.67	
13.744	-120.184	150.338	
-107.501	-73.789	141.918	
-103.639	-98.285	166.22	
131.262	-77.397	-164.877	
-82.019	99.344	179.432	
59.506	64.208	178.001	
67.393	-170.423	179.239	
86.624	100.61	178.697	
52.514	-156.414	168.153	
59.528	-162.129	165.338	
165.212	-177.735	173.285	
139.012	-0.775	-170.547	
-60.947	-134.683	178.055	
62.294	-109.68	-163.249	
94.81	26.357	-154.731	
53.567	-153.189	-178.757	
73.876	43.835	-173.616	
2.044	48.902	176.817	
67.293	22.569	-167.903	
105.839	-19.627	-168.567	
132.738	29.93	-163.247	
59.909	27.908	-172.936	
85.267	41.856	169.219	
71.831	29.347	-147.538	
85.908	-99.453	-174.594	
-21.469	104.724	176.873	
-35.43	-97.57	157.052	
130.742	81.49	159.492	
63.846	-136.071	174.919	
74.768	16.345	-157.29	
86.203	48.678	-174.386	
53.01	26.245	178.468	
113.761	-133.616	-166.075	
-177.182	0.862	-161.243	
70.65	-165.858	172.002	
-148.608	92.395	-177.614	
49.66	73.842	-176.254	
7.537	58.524	-170.916	
79.053	87.179	-176.824	
18.357	34.997	174.862	
93.47	39.321	-168.841	
67.505	-7.003	-168.312	
110.46	62.053	168.472	
60.102	1.159	-173.095	
91.664	38.626	-176.018	
55.635	40.576	-178.983	
49.2	33.562	-175.141	
84.328	25.961	165.471	
68.279	50.168	-169.44	
52.098	55.622	-172.477	
19.003	76.472	-178.383	
60.937	66.397	177.185	
37.232	48.892	178.63	
84.302	-4.782	-175.098	
96.711	25.026	177.308	
76.798	-130.213	172.005	
49.537	93.332	-170.56	
-6.69	99.349	-176.56	
62.184	-84.434	162.967	
21.137	-133.513	-167.196	
87.259	10.728	-177.273	
-69.941	-123.228	179.862	
111.002	69.189	175.991	
63.888	51.097	-169.895	
29.183	-2.601	178.986	
102.042	-0.124	-178.345	
119.885	-25.537	178.421	
72.788	87.207	153.358	
-68.45	-175.3	163.524	
-68.029	103.005	-175.987	
22.134	71.432	-168.341	
78.144	-142.356	169.857	
-75.662	21.424	-160.998	
87.839	21.714	-177.218	
89.944	66.296	-171.115	
32.101	78.918	173.48	
65.73	-35.733	-164.541	
148.73	84.893	-179.45	
32.414	64.663	178.94	
63.872	108.869	-179.073	
25.629	61.243	171.881	
53.917	68.892	-173.882	
61.199	20.704	179.012	
76.159	46.558	-150.275	
58.636	137.737	166.437	
-27.536	93.475	177.113	
31.12	37.645	-168.95	
67.366	55.996	-175.371	
41.464	36.138	177.797	
58.367	57.219	164.737	
70.451	53.577	178.637	
44.907	38.753	166.219	
83.37	52.577	-173.767	
68.951	36.355	166.775	
142.237	-92.907	173.989	
-144.521	57.489	-171.791	
59.822	51.958	-165.867	
49.45	44.634	179.431	
68.164	22.515	-179.973	
85.044	89.808	178.924	
58.719	52.168	171.558	
77.482	141.761	179.922	
115.555	155.943	166.157	
75.349	153.709	175.79	
157.748	-0.394	178.796	
-30.634	-121.636	174.576	
52.607	24.806	-174.531	
66.107	77.611	172.795	
85.564	-149.209	160.365	
163.612	23.776	-165.161	
93.971	53.232	179.646	
55.745	37.989	-168.582	
71.277	-134.659	169.398	
153.648	-101.182	175.796	
31.976	28.332	176.337	
124.414	178.652	-155.452	
66.014	65.065	175.732	
97.475	-45.161	-165.006	
-62.214	159.002	-171.985	
59.154	-9.34	179.838	
-23.928	125.936	-176.674	
68.649	80.847	-169.989	
-56.041	66.675	-166.247	
64.785	38.608	-160.92	
58.127	-98.063	-168.651	
43.575	-99.838	175.365	
164.75	3.736	177.821	
14.136	65.061	176.849	
7.563	74.957	177.248	
63.011	-39.353	-141.632	
77.869	74.976	174.053	
60.034	-72.636	-165.056	
150.262	-140.412	164.039	
-25.779	-71.258	172.067	
84.483	68.576	-173.732	
106.87	143.255	-171.417	
160.572	123.499	-178.999	
167.83	40.934	-166.914	
71.73	-62.832	158.434	
91.249	58.959	158.926	
-56.928	-77.04	175.603	
39.12	-121.663	176.093	
-95.913	27.18	-174.426	
117.201	-81.89	-156.43	
-23.699	121.191	-172.669	
-28.747	-99.787	157.284	
-67.191	-22.014	-172.66	
78.211	74.02	165.085	
-72.943	-164.119	168.639	
154.805	-90.667	-174.308	
154.228	-96.051	179.297	
59.038	-157.854	176.449	
-74.757	-153.656	179.793	
-178.368	174.164	-154.713	
148.079	-29.311	157.66	
117.141	-147.642	-177.228	
-98.701	93.292	-173.615	
-117.466	138.868	-176.843	
53.499	-169.018	-173.74	
166.451	-126.084	-165.364	
43.709	36.201	-167.43	
89.755	-102.784	162.663	
-57.241	-125.289	-147.299	
82.07	172.143	170.345	
-105.338	-142.196	178.9	
57.863	-147.414	175.954	
58.724	-154.6	-175.567	
38.211	76.932	174.756	
53.633	71.387	171.089	
28.262	43.347	-176.351	
62.481	-14.968	169.317	
137.996	44.651	-163.328	
54.84	45.735	-175.523	
52.227	58.209	-177.683	
54.828	45.62	-162.522	
54.945	80.541	165.612	
36.294	46.169	179.404	
67.183	40.088	-177.06	
50.213	6.536	-162.038	
81.295	57.907	172.223	
45.348	47.247	-176.801	
69.247	41.011	-169.368	
62.846	33.587	-176.645	
78.402	33.837	-172.17	
68.587	63.089	-165.451	
50.93	-135.165	153.622	
-71.606	-80.935	-173.343	
149.812	21.965	177.642	
128.694	-159.224	-170.105	
28.993	-167.584	-157.909	
-170.69	-49.524	-156.299	
-99.066	55.498	-173.026	
42.048	37.936	-172.345	
-103.396	-44.136	-168.587	
118.811	163.438	-172.883	
-43.234	134.553	151.498	
130.936	-145.34	-168.004	
101.269	-126.02	164.835	
70.467	1.812	-156.105	
115.115	-162.417	175.202	
-91.819	8.312	-165.435	
133.561	-3.375	-146.562	
103.866	102.697	-179.459	
-37.456	127.295	-178.455	
87.922	-26.929	-167.422	
50.969	102.902	-166.438	
-61.166	-125.603	162.526	
96.807	77.316	-145.352	
77.253	-67.698	-153.026	
122.109	121.631	-167.881	
-81.05	75.32	-173.627	
128.26	-41.665	178.144	
132.395	-37.109	-166.331	
-35.222	-56.896	173.986	
152.745	-87.675	168.396	
49.061	172.368	-172.166	
152.67	-7.236	178.936	
30.791	-170.315	159.328	
37.166	-55.144	-176.186	
48.319	28.814	-170.912	
60.04	67.345	-176.596	
63.783	-7.947	-171.001	
115.184	27.274	-168.761	
81.727	20.04	175.142	
97.273	50.396	-171.158	
70.685	-8.662	173.778	
102.867	52.509	179.254	
-68.184	-0.06	-179.588	
119.514	47.473	-160.071	
40.734	51.964	-178.03	
49.858	69.906	-177.675	
71.489	-58.884	-175.365	
-175.545	0.621	-156.43	
98.529	27.449	-163.957	
57.171	69.212	-176.312	
65.567	-134.959	157.36	
-72.194	-158.793	154.115	
-70.299	73.142	-173.23	
57.084	48.812	179.766	
60.677	54.316	-175.584	
59.168	41.142	177.819	
81.68	18.919	-179.353	
65.21	25.267	-178.109	
95.234	37.91	-168.206	
54.098	41.338	-163.054	
50.511	60.96	159.475	
90.671	5.006	-170.402	
100.933	21.677	-170.681	
85.229	30.46	-178.024	
59.054	11.457	-167.906	
113.651	-165.015	168.92	
-60.594	23.639	-168.683	
140.088	-65.525	-170.29	
80.855	-142.477	176.552	
101.768	-35.751	176.538	
132.972	-146.164	172.673	
64.825	-91.652	176.217	
-81.342	-93.991	169.745	
174.08	-118.485	154.385	
-51.924	-138.537	140.683	
-64.125	1.662	-151.444	
101.919	38.874	177.304	
-45.07	-23.338	-169.606	
123.165	69.664	-166.259	
39.24	30.911	-179.131	
76.362	13.751	174.973	
120.872	-1.638	-173.587	
127.537	-51.622	166.07	
172.273	18.269	-171.277	
82.891	21.915	160.673	
104.671	28.146	-175.835	
85.946	-45.13	163.654	
-173.787	2.87	-161.677	
112.654	46.599	-157.501	
78.774	-141.645	142.768	
-71.65	174.103	-172.973	
-56.877	53.328	-164.379	
79.799	59.801	178.69	
44.0	26.421	-177.81	
77.978	115.278	-154.033	
-38.425	61.582	-167.372	
56.472	56.846	179.803	
65.22	25.836	-175.142	
64.968	48.652	172.411	
75.604	15.348	174.529	
97.583	17.628	-171.134	
98.452	9.131	-166.416	
99.29	-11.816	-148.472	
112.259	-20.383	-171.02	
113.107	30.11	-174.898	
56.132	48.731	-176.539	
57.319	25.477	-176.533	
103.973	61.967	176.802	
67.107	63.846	-170.622	
79.481	156.23	175.336	
-71.759	-162.21	154.846	
173.416	-53.475	164.218	
27.463	33.261	176.774	
78.264	17.164	166.616	
110.108	5.706	174.518	
119.77	15.668	156.177	
74.293	-177.269	149.683	
-40.592	6.175	161.253	
91.714	-136.471	156.744	
58.814	9.809	-168.437	
74.103	41.235	-162.345	
64.413	172.43	-178.893	
-67.584	44.124	-172.883	
66.228	47.859	-162.946	
60.92	65.842	176.267	
42.264	57.391	172.587	
90.363	-45.377	170.012	
86.772	36.635	177.286	
53.677	41.237	-178.344	
58.529	52.26	169.812	
45.768	52.887	-164.132	
81.692	-101.371	-175.443	
-162.019	68.149	-156.807	
58.138	-1.858	-163.024	
103.488	53.256	176.628	
62.718	28.303	-176.038	
67.464	28.272	-174.996	
65.332	52.96	176.713	
58.245	65.551	-179.743	
43.853	41.635	-173.058	
66.1	66.813	-177.686	
50.455	15.036	-173.466	
75.342	99.749	165.373	
50.73	17.137	175.419	
84.187	35.966	-166.306	
63.193	50.019	-177.99	
66.569	16.986	-167.25	
69.667	53.688	177.118	
79.747	-93.515	178.483	
-145.813	31.05	-164.022	
86.114	57.027	179.8	
42.152	50.166	-173.545	
59.639	26.83	-169.82	
97.764	19.475	-170.36	
74.595	34.708	176.997	
70.982	48.448	-158.471	
68.014	-163.714	170.507	
-81.199	55.127	-171.88	
64.064	5.816	-178.175	
-97.343	17.848	173.537	
103.389	-82.282	-166.706	
49.385	45.706	-155.543	
42.247	170.797	-175.336	
-57.44	34.612	-161.481	
28.232	-112.062	-172.523	
75.529	-125.325	167.854	
156.094	-95.345	174.53	
85.437	-129.377	-172.032	
61.403	-150.619	-176.607	
86.94	-72.974	168.141	
57.31	66.235	173.546	
57.865	10.483	-169.43	
76.841	89.684	176.745	
34.168	44.546	-176.44	
37.322	63.225	-167.782	
59.711	-99.135	-178.534	
-137.324	32.502	-161.135	
83.026	-18.035	-169.871	
137.901	-48.591	-177.204	
155.151	66.997	171.071	
171.179	21.011	-175.836	
59.066	-75.724	-172.856	
83.665	-57.664	-170.583	
79.645	-123.638	-172.728	
-26.344	-54.638	-176.963	
-55.188	146.59	173.393	
-97.157	-111.161	-174.071	
45.195	75.744	152.012	
-60.552	-103.456	-156.998	
20.55	-117.393	161.823	
-47.924	-86.135	177.649	
-156.806	52.343	-177.05	
-48.937	37.87	168.059	
-109.071	5.384	-143.045	
172.676	138.279	161.641	
-70.208	102.144	-158.947	
66.458	-129.109	-156.612	
102.335	114.669	-165.045	
85.757	51.93	173.897	
-74.773	49.986	179.204	
88.257	16.424	-173.986	
132.535	-157.586	-175.299	
175.969	111.373	172.633	
65.416	13.985	-160.972	
84.383	-149.607	-168.13	
-81.325	86.886	179.453	
82.374	-74.493	165.661	
89.069	101.105	-168.161	
82.061	30.556	179.177	
75.978	-166.365	157.766	
-35.057	-40.083	-172.129	
141.729	-70.767	-173.142	
101.351	29.853	-175.233	
-67.152	117.657	-170.704	
91.25	36.938	-176.954	
-20.922	-79.367	179.741	
69.815	-86.219	175.198	
-170.932	36.408	165.069	
-164.338	-44.648	-179.913	
75.162	-3.919	174.497	
-81.306	72.434	177.961	
93.602	-121.976	-176.617	
94.264	-140.226	145.637	
81.707	-28.248	-167.305	
-29.452	-120.125	-167.679	
147.466	-173.968	176.776	
31.637	20.971	-169.697	
65.202	31.511	172.348	
96.53	14.181	-174.193	
86.492	-19.088	-169.77	
125.204	60.972	-178.174	
45.252	47.172	-178.131	
59.943	16.498	-169.726	
101.105	10.043	178.831	
104.021	10.165	-158.596	
81.367	26.959	-178.387	
77.829	35.979	-168.225	
69.337	4.468	179.664	
89.014	76.42	-169.92	
66.535	-85.553	162.904	
-165.586	63.861	-170.511	
68.047	52.614	177.38	
51.326	26.823	167.375	
110.729	20.789	-171.384	
63.294	34.075	-178.763	
79.381	45.737	-169.524	
62.236	56.629	-166.454	
40.101	59.295	-172.825	
56.469	61.962	178.646	
33.615	63.188	-174.619	
55.233	64.846	165.839	
54.397	-8.751	-157.766	
174.477	-79.175	-153.597	
80.171	10.398	-176.055	
71.082	38.836	172.023	
-137.324	-171.049	170.184	
-177.244	-135.07	-167.2	
-11.036	53.143	179.738	
81.071	55.975	-159.549	
114.392	-92.704	-161.08	
49.525	66.574	168.485	
92.529	-49.175	165.462	
68.929	-42.556	160.203	
140.509	160.962	166.237	
-68.037	0.116	174.327	
154.135	15.651	173.256	
-21.788	91.639	153.827	
37.521	96.743	171.838	
93.969	-83.367	-166.681	
107.054	-19.345	172.338	
25.113	-130.023	174.542	
-90.538	-158.109	-155.448	
152.503	-174.025	-178.766	
54.385	-157.267	-172.706	
74.852	-175.162	166.244	
-72.26	168.162	142.712	
-41.65	145.121	175.691	
70.752	14.908	156.84	
-106.66	-113.695	170.614	
125.305	-135.866	173.833	
141.466	137.662	-175.0	
45.861	-68.702	178.611	
130.54	-39.949	-159.922	
104.69	-141.501	-174.744	
50.572	13.923	-172.352	
77.277	35.616	169.912	
89.238	-11.272	-178.791	
116.703	40.561	-156.11	
52.118	54.881	-178.069	
49.84	45.383	170.347	
77.268	31.631	179.69	
54.522	50.31	165.423	
58.925	11.326	-173.998	
73.132	42.003	-177.024	
76.861	36.144	-163.57	
59.177	24.03	-172.159	
98.056	-25.399	177.679	
144.385	34.338	-155.815	
62.637	78.585	-177.019	
42.935	-23.725	-175.922	
135.814	42.076	-177.935	
64.47	51.781	-177.784	
52.833	61.716	176.137	
61.602	57.549	-157.775	
18.434	54.501	-179.742	
57.215	76.164	-172.374	
49.754	-123.636	176.182	
-91.572	-109.061	135.26	
-65.145	-112.426	154.596	
-75.192	-139.349	171.679	
-72.928	80.27	-167.043	
31.937	78.246	-175.698	
54.035	40.97	174.798	
73.94	-9.527	-171.208	
113.812	124.064	167.279	
53.932	-41.162	178.649	
-166.398	152.325	165.153	
58.602	166.269	-160.594	
151.441	19.452	-175.482	
47.498	21.818	167.427	
63.757	55.786	-168.666	
62.256	31.514	-178.495	
53.964	92.271	-179.953	
69.904	1.935	-179.612	
125.624	-51.203	-156.41	
151.128	4.362	-172.261	
70.508	9.967	-170.033	
129.413	163.846	158.742	
115.785	66.286	-167.146	
63.284	-114.844	165.796	
-128.835	47.299	-162.43	
57.885	36.968	-169.15	
79.485	46.497	178.091	
62.973	69.699	172.544	
108.002	-97.559	141.695	
-91.418	-130.035	158.361	
-79.904	71.598	174.485	
87.391	50.413	-153.861	
70.239	-130.134	-179.335	
-80.337	-68.553	-158.116	
154.837	35.046	-171.416	
5.431	85.586	179.992	
24.123	57.062	159.846	
72.048	53.749	165.18	
71.347	40.275	-171.474	
75.839	-28.984	-177.572	
101.857	12.76	-163.515	
93.747	27.941	-173.891	
-25.76	-139.008	-174.213	
55.883	14.604	177.783	
107.948	-60.215	-177.478	
-68.925	-155.251	-177.936	
68.509	-111.653	-179.734	
91.757	146.304	168.318	
46.398	71.238	-178.872	
94.459	-139.216	-161.118	
134.147	32.047	-177.094	
51.088	52.399	165.723	
59.534	59.746	177.501	
58.294	35.879	-177.408	
71.6	33.192	-173.128	
63.794	44.331	171.706	
65.188	24.581	-175.763	
96.997	32.898	-159.84	
52.511	38.414	-175.874	
58.036	53.23	-177.585	
67.865	19.689	-176.789	
86.411	63.413	-173.298	
36.427	41.948	-177.447	
57.725	87.985	-176.33	
26.787	54.809	-178.485	
63.745	4.635	-164.508	
53.964	73.059	171.216	
18.388	49.064	-170.535	
38.092	91.457	-156.336	
35.891	-110.37	-178.711	
-123.325	40.08	-169.034	
124.864	-23.453	177.532	
116.633	53.397	-167.042	
-72.867	-94.644	168.748	
15.437	38.331	178.627	
41.918	53.854	174.688	
72.27	24.49	171.952	
82.726	52.327	-175.672	
49.308	43.839	172.242	
68.629	44.801	-176.85	
74.378	13.273	-173.701	
78.417	23.885	-164.952	
60.631	38.817	-175.309	
84.091	31.902	174.638	
82.496	16.168	-163.965	
100.905	-32.92	-160.124	
109.823	17.222	-168.907	
56.064	124.041	-179.341	
-5.863	72.802	-175.662	
41.248	42.57	-179.239	
98.308	-14.94	175.892	
130.967	-136.912	175.247	
75.102	-179.712	170.699	
-45.288	-18.487	-178.776	
163.169	-39.221	-176.583	
110.378	172.956	177.41	
-52.159	61.22	-166.685	
21.741	-95.255	173.385	
96.222	-134.111	-155.374	
67.54	-162.447	-169.688	
114.183	0.552	-175.174	
136.328	-127.611	161.022	
79.257	-116.587	172.875	
46.418	-114.536	-174.781	
135.095	-172.642	-176.512	
107.972	-142.687	161.788	
53.003	-153.556	166.305	
70.619	-166.611	160.518	
90.043	8.206	-161.726	
97.345	54.319	-174.387	
28.202	46.536	170.62	
85.618	21.684	-165.129	
60.046	41.25	-165.595	
58.668	91.453	171.365	
31.165	42.647	-163.885	
81.775	-97.182	160.447	
-116.721	-161.081	173.187	
-51.139	-13.9	173.461	
158.103	50.833	-175.491	
59.055	38.418	169.748	
72.736	60.519	-175.444	
51.731	67.884	-167.457	
22.175	74.404	-178.445	
48.421	54.602	172.923	
80.026	15.91	-178.797	
93.909	5.141	-177.8	
90.575	50.282	-166.257	
57.157	42.447	-168.725	
40.53	60.207	176.981	
83.794	19.677	-179.405	
67.87	64.629	172.204	
52.895	61.184	-173.049	
40.794	45.44	169.003	
79.006	-14.748	-177.835	
151.725	23.488	-148.981	
76.487	-68.492	179.912	
167.194	53.83	-138.619	
42.91	141.853	-148.817	
161.691	103.678	33.38	
45.528	-171.582	171.063	
100.543	NA	NA	
CHAIN-C
NA	-73.554	-28.633	
88.94	-5.365	-157.639	
137.515	-102.416	171.33	
130.386	-69.473	-172.909	
121.15	-131.357	171.268	
100.518	-117.703	-175.573	
110.513	19.772	-173.608	
17.644	-170.605	-172.151	
155.939	99.933	-179.462	
171.969	24.956	-179.535	
87.328	43.287	170.023	
-39.484	-14.283	-162.007	
62.547	-139.686	-174.031	
121.941	-49.803	-173.091	
122.143	-124.477	164.651	
-42.204	-66.322	172.58	
155.663	78.24	-171.345	
164.778	-139.073	174.886	
137.03	52.675	-176.352	
29.997	-130.729	-170.487	
-138.95	-98.544	165.959	
36.409	-89.112	-173.395	
-85.169	54.755	161.589	
34.756	40.611	160.555	
112.787	-70.175	-167.888	
81.714	-77.104	-173.36	
97.461	131.21	158.641	
-51.548	-88.094	-174.316	
138.537	-63.017	167.999	
36.461	-102.548	-172.285	
75.7	-132.285	174.083	
32.594	-41.387	176.823	
-123.909	-90.924	-166.505	
152.115	-65.622	-179.306	
-58.809	93.985	-170.444	
75.705	-20.603	179.115	
-25.223	-53.546	-164.382	
137.708	-132.419	155.948	
136.908	161.403	178.857	
-66.721	141.34	161.386	
149.452	23.61	-175.226	
164.888	-178.592	-148.618	
108.424	152.044	172.97	
66.866	-111.832	165.982	
93.731	9.362	-179.345	
72.478	-74.039	174.264	
158.102	57.198	173.819	
122.406	-164.522	176.539	
50.906	158.683	166.399	
127.99	-76.544	158.116	
76.311	59.957	147.47	
-53.518	-3.877	-164.179	
60.141	20.583	177.525	
46.123	56.014	-150.199	
81.78	96.691	153.104	
-41.805	44.467	-175.327	
128.328	-156.835	172.347	
-51.716	-97.632	-177.038	
14.538	-151.915	171.675	
150.452	6.332	-178.724	
-8.065	-77.878	169.244	
-155.32	103.249	-174.351	
101.418	138.393	173.954	
175.935	1.075	173.681	
-70.214	-174.94	167.143	
-172.284	131.57	-174.25	
80.079	31.552	161.464	
43.738	-98.407	-173.844	
146.995	26.983	173.993	
-47.051	86.586	176.18	
47.164	-114.76	153.979	
147.21	-110.16	160.468	
80.157	143.701	-177.479	
124.66	60.988	-161.644	
29.152	27.817	-176.97	
87.875	-21.352	-163.952	
158.414	-37.12	-173.563	
-77.295	63.504	162.156	
112.163	-84.54	-111.93	
85.768	-49.498	-167.691	
165.081	NA	NA	
CHAIN-D
NA	-179.392	164.391	
149.777	59.626	179.529	
45.774	40.667	-155.146	
101.943	-108.303	-173.393	
119.059	-100.242	166.571	
114.494	-30.418	154.714	
68.729	175.138	-174.037	
158.799	51.665	173.609	
94.393	-75.749	173.526	
37.27	-144.895	177.129	
155.835	51.462	156.938	
-69.922	164.643	171.418	
47.867	159.679	-169.651	
-135.765	-126.035	-171.495	
82.497	-13.927	-178.465	
70.489	102.333	166.276	
58.169	155.053	-172.557	
0.26	-119.389	-172.161	
156.925	-170.789	161.26	
14.951	47.634	176.381	
88.8	-71.685	-172.779	
162.526	1.785	-157.381	
96.614	67.926	175.657	
54.781	27.943	-152.597	
130.767	142.402	157.187	
72.579	-174.797	166.771	
123.226	61.266	-174.11	
-69.448	-123.945	172.909	
159.019	-138.002	-179.234	
114.483	-147.874	168.659	
136.258	-157.763	173.21	
166.141	-175.179	-172.252	
109.513	179.205	-175.123	
-178.558	-146.257	-170.12	
74.667	120.632	161.568	
106.34	-145.183	160.569	
24.034	-100.045	174.975	
128.718	-138.676	165.418	
89.139	-124.394	172.266	
111.661	169.552	155.555	
106.577	56.696	-169.5	
-92.799	-137.116	-152.388	
73.674	-151.062	178.711	
-83.034	-2.818	-179.306	
-66.696	-113.764	177.023	
-170.335	126.586	-164.153	
-137.185	-129.407	171.668	
138.029	125.867	172.597	
150.54	161.851	162.212	
150.755	88.472	-175.848	
-62.557	64.468	-164.032	
-157.358	149.069	167.92	
-122.002	127.342	-155.137	
74.105	27.758	158.588	
-50.391	-80.499	163.484	
136.473	-68.856	-178.592	
81.551	-143.214	174.785	
103.053	-140.671	168.184	
140.117	-100.356	-157.564	
-14.893	65.811	179.829	
156.952	-141.676	159.412	
68.451	9.37	-169.75	
72.234	24.561	173.342	
76.073	30.489	160.95	
118.392	-45.574	-179.574	
146.567	19.798	-172.027	
63.277	20.907	-154.428	
68.742	-88.203	175.95	
-153.421	55.163	-176.438	
64.925	10.665	-151.626	
129.211	35.293	175.176	
78.257	-18.712	-144.785	
136.244	-67.135	-156.725	
150.723	-45.117	172.921	
173.812	-47.034	-175.079	
-48.215	-146.414	-165.727	
-128.827	-116.259	-159.818	
94.422	-118.941	168.483	
-123.903	-123.423	-162.28	
172.907	-145.925	156.719	
159.666	-108.024	-177.168	
123.469	-137.279	170.548	
111.651	159.57	-167.858	
135.983	-114.374	-175.003	
93.313	-141.92	-174.518	
98.18	160.519	-148.699	
94.647	-8.408	-177.878	
174.776	-72.043	-157.108	
-105.76	106.455	168.359	
151.711	143.681	152.189	
-47.046	-122.089	152.924	
-89.824	-78.553	-178.022	
102.56	-97.105	147.746	
77.974	50.993	-167.733	
113.367	13.991	-148.086	
25.685	109.49	160.284	
-9.929	123.04	164.883	
126.355	-128.727	164.628	
-60.695	163.148	-149.103	
171.493	-166.249	176.755	
-101.704	-59.181	-178.776	
18.501	-83.256	167.082	
-140.515	-50.92	-168.221	
145.551	173.461	-171.192	
136.207	-112.111	-151.012	
111.275	86.551	-174.44	
105.709	169.176	170.332	
118.884	30.789	-153.855	
-76.983	55.506	172.359	
159.202	120.7	-165.313	
-59.351	79.797	-169.546	
-80.6	85.373	-168.765	
-86.295	-91.224	166.556	
-168.798	42.574	159.747	
-58.029	138.05	-174.844	
73.772	77.53	-177.661	
90.57	-156.613	177.42	
90.911	168.94	158.875	
60.414	26.905	-169.49	
32.233	-149.46	175.24	
10.676	-59.811	-166.438	
78.486	-52.557	-162.378	
80.756	31.073	-146.589	
38.27	-108.225	-177.488	
75.71	146.128	-171.981	
77.95	-130.66	170.808	
90.0	134.043	177.198	
37.551	-163.708	164.074	
85.944	-14.866	165.283	
-65.452	-101.902	174.66	
154.207	-123.889	166.275	
58.71	-63.166	179.854	
177.634	-15.197	-174.867	
146.979	-102.796	164.288	
19.955	-47.354	-166.393	
109.037	-56.923	-163.006	
126.599	-64.198	-175.856	
170.957	NA	NA	
CHAIN-E
NA	-125.039	170.97	
-159.468	47.835	-163.811	
99.215	138.375	179.995	
130.061	-125.712	169.069	
106.502	62.21	179.21	
157.557	-68.438	166.212	
119.699	3.423	-173.23	
-161.381	-105.806	177.453	
139.622	-123.489	-176.248	
66.978	-171.902	-172.641	
126.845	-142.841	171.041	
150.646	-89.033	170.591	
149.942	43.217	-173.901	
-75.028	-68.911	168.686	
-178.978	48.992	-175.793	
62.122	-120.765	178.382	
40.745	64.613	176.508	
86.878	-19.231	-168.506	
3.038	107.138	176.734	
57.45	10.004	-178.983	
89.043	-144.425	178.33	
101.554	-110.607	-168.319	
107.746	162.501	175.365	
99.788	-163.919	167.237	
105.719	141.551	-173.239	
-151.167	-173.18	168.145	
12.485	-44.947	-169.652	
33.836	-138.723	175.94	
52.094	-155.091	177.647	
96.767	68.328	159.23	
61.697	-160.168	-163.634	
37.704	44.125	147.449	
52.123	95.983	157.571	
71.769	155.957	-179.753	
126.473	21.839	-166.644	
110.056	-51.422	-160.793	
54.599	148.799	176.67	
-29.911	-112.966	-163.84	
78.7	-149.846	-161.515	
135.606	-165.297	-179.733	
153.497	-141.139	-171.701	
149.801	-160.321	-178.124	
47.353	64.474	173.416	
59.599	-133.417	164.312	
74.65	99.481	174.007	
-137.555	169.388	170.981	
73.934	21.381	-173.749	
90.97	-164.613	179.927	
70.207	37.322	-174.525	
115.882	-127.099	173.618	
137.507	-104.11	177.856	
161.137	-92.739	162.734	
110.525	-165.293	-179.353	
120.145	-115.552	179.268	
109.34	175.117	171.32	
154.482	-141.498	162.581	
51.081	5.195	-173.999	
80.395	-88.394	146.4	
-122.505	115.992	136.832	
3.3	-90.574	147.722	
74.932	-19.266	133.515	
12.664	74.863	-139.82	
-118.964	-135.464	150.235	
-16.065	-76.425	-29.639	
169.676	NA	NA	
CHAIN-F
NA	62.72	177.042	
71.344	135.0	161.477	
63.722	42.679	-179.882	
73.242	144.971	-177.522	
106.141	153.819	178.179	
93.046	-162.112	-178.214	
45.358	126.809	173.572	
108.932	30.54	-179.941	
48.838	30.328	-153.861	
163.988	-140.407	167.99	
171.392	-42.071	-174.61	
6.133	67.064	177.315	
50.879	52.24	-168.569	
46.772	45.5	175.254	
56.871	58.019	-175.393	
44.794	32.202	-175.882	
69.039	47.635	-175.78	
41.154	36.545	138.348	
112.251	57.596	-169.528	
111.297	-138.182	124.204	
-93.765	142.408	150.991	
26.699	56.435	133.594	
80.948	-15.397	163.847	
123.433	11.092	-111.246	
4.613	44.703	166.594	
70.333	108.397	-140.397	
-82.452	7.891	172.301	
140.081	-75.403	144.488	
38.564	69.772	-162.971	
110.837	159.528	174.923	
-145.471	-93.462	111.001	
69.415	-114.971	177.089	
160.14	-39.273	177.278	
48.656	7.967	161.389	
-173.55	13.334	170.156	
67.269	-147.439	172.769	
103.807	-29.848	-166.209	
119.194	70.815	152.074	
61.498	-91.52	153.736	
91.803	-33.393	-174.316	
70.839	71.264	-144.825	
-18.567	79.338	-175.35	
102.583	-126.145	-179.844	
-45.939	160.868	157.973	
-58.715	46.946	-151.132	
75.015	100.938	-178.632	
23.044	26.21	-174.674	
86.371	30.643	-163.303	
90.422	9.725	170.49	
106.189	58.314	173.21	
54.883	19.147	-145.709	
45.583	-60.455	-179.808	
70.611	154.756	-162.227	
50.49	-15.875	-171.327	
132.336	-146.53	-170.183	
140.14	-17.105	141.803	
-103.101	97.076	-167.015	
-169.398	29.421	-162.035	
-38.14	-5.894	161.112	
-57.892	108.717	179.265	
-70.111	-112.271	156.11	
70.661	47.384	-171.998	
-63.154	-112.732	177.594	
91.691	141.11	-171.188	
89.731	-147.308	155.339	
-71.413	13.707	-162.156	
-73.708	-9.872	-163.471	
64.315	-136.482	164.363	
86.278	-132.298	175.881	
103.397	-153.837	-179.783	
107.12	-114.487	-177.679	
83.952	74.9	172.264	
-53.534	-88.111	176.233	
137.926	0.789	-174.42	
-69.403	-73.569	166.889	
163.635	167.59	-177.031	
-11.518	56.223	-167.255	
150.827	28.623	162.894	
93.101	-100.267	179.749	
123.457	47.59	174.555	
94.48	-52.719	-176.684	
122.775	-14.894	179.671	
164.544	50.122	175.625	
76.219	68.104	-173.369	
37.026	50.667	-174.274	
95.078	-14.886	179.704	
99.255	58.586	-175.741	
55.926	38.057	-177.36	
52.283	51.354	-174.981	
59.35	39.739	-177.193	
61.604	63.101	173.098	
50.039	44.585	179.831	
62.127	64.411	-162.103	
58.43	-167.838	175.65	
-74.947	37.992	-161.792	
96.072	-10.249	-165.547	
93.055	38.327	172.352	
110.606	14.487	-166.318	
58.196	37.152	-175.679	
87.548	23.124	-160.404	
51.174	61.832	-169.836	
69.726	-40.025	-178.306	
147.708	67.372	-165.091	
69.198	-51.174	-167.917	
153.072	50.655	174.957	
77.432	-8.171	-175.005	
94.384	-2.348	178.3	
143.407	-140.496	179.259	
-152.957	-20.182	160.522	
141.234	167.351	-175.753	
-60.933	102.927	-168.271	
127.601	176.106	154.46	
47.082	-101.455	170.125	
106.38	-63.195	166.662	
114.478	-35.295	172.719	
-142.297	-20.118	-176.28	
50.862	6.321	155.788	
102.208	16.334	-175.746	
78.072	20.209	-158.693	
107.969	-164.798	-179.464	
126.385	-119.177	162.415	
52.904	50.347	-169.605	
128.673	-117.515	172.026	
64.869	-124.481	162.621	
-73.541	23.403	178.811	
-124.477	17.12	164.402	
8.536	-59.854	-178.752	
164.711	53.644	-171.469	
78.995	5.851	-177.438	
28.732	94.48	168.906	
60.078	6.415	174.934	
39.377	27.802	176.864	
73.008	54.603	-174.008	
69.847	30.428	-170.854	
80.251	-22.228	-153.387	
100.136	-95.728	-140.324	
88.548	-141.166	176.421	
-50.734	73.281	-177.44	
-52.873	112.748	-179.2	
60.39	31.553	-170.389	
55.133	-3.984	-173.741	
149.056	65.855	178.521	
62.559	26.508	-162.848	
61.357	54.221	176.223	
80.435	15.814	-173.482	
126.872	-112.966	178.993	
-81.825	-168.045	-169.678	
-64.911	100.487	-148.985	
65.837	-87.202	-173.171	
117.418	-140.988	176.308	
29.688	42.133	-169.279	
33.33	86.879	-163.04	
37.224	14.56	-172.499	
63.229	NA	NA	
CHAIN-G
NA	62.482	-178.145	
56.862	-117.975	-154.64	
65.891	-92.966	174.54	
82.567	62.467	-154.818	
59.367	0.153	-158.8	
55.077	55.636	171.115	
94.465	21.433	-172.45	
73.45	23.162	-160.167	
50.055	60.857	178.035	
54.094	54.531	177.744	
65.489	42.067	-166.445	
87.179	-28.946	-140.413	
54.363	72.557	153.372	
78.799	35.047	179.483	
81.105	-10.825	-171.419	
100.832	35.26	-156.784	
44.647	24.816	-157.246	
65.066	59.172	-178.114	
39.713	12.647	-142.103	
-32.706	117.076	155.749	
128.385	-6.262	-168.107	
47.507	27.885	177.863	
84.872	58.602	142.41	
107.215	-75.712	-162.6	
-168.567	63.142	158.312	
155.618	166.932	176.227	
64.318	-173.824	-155.887	
28.419	-157.129	-153.123	
-47.401	-40.585	159.826	
-21.805	-48.14	158.9	
-38.178	-129.537	-162.287	
22.32	-102.763	-157.91	
68.667	67.193	135.532	
138.736	33.095	-160.543	
12.574	104.958	175.67	
106.228	-134.457	113.898	
-70.094	-173.37	149.024	
162.358	-90.561	-154.487	
-27.792	-130.655	-139.603	
56.212	-110.348	-52.357	
-57.897	-9.741	-62.019	
-48.873	125.528	-134.431	
-108.422	-2.532	173.882	
117.802	10.201	38.984	
129.11	167.629	69.728	
155.061	169.363	142.814	
60.421	158.417	45.381	
92.678	-160.508	-176.781	
132.465	-154.865	164.504	
162.843	-101.54	-171.066	
59.287	16.536	175.103	
108.384	-70.503	-161.986	
172.858	-63.159	-174.94	
118.525	-39.475	178.32	
113.677	104.958	172.475	
-26.855	41.414	-170.022	
140.344	-2.309	-159.017	
14.046	47.283	170.052	
98.475	58.579	-177.308	
55.442	82.782	166.465	
80.597	-26.506	-166.669	
86.338	3.254	-169.928	
76.437	41.767	177.683	
32.374	41.434	-169.092	
46.078	62.957	170.067	
66.141	6.908	-178.206	
62.341	107.563	-158.684	
32.32	56.192	173.297	
52.147	33.167	-166.108	
87.415	156.908	-174.888	
-1.846	26.54	-174.366	
101.888	-22.738	-179.327	
131.347	73.789	173.99	
93.718	15.789	177.485	
105.211	-37.347	-172.93	
-56.483	-80.266	-171.118	
20.771	-116.523	-179.188	
-32.048	-97.085	-171.494	
87.744	14.318	171.36	
88.273	-36.316	175.789	
81.253	124.575	158.453	
-54.857	-125.883	170.776	
-168.342	-43.413	177.941	
-93.549	-77.212	-175.042	
125.254	-108.656	-176.568	
168.104	26.704	-157.492	
101.104	-90.434	108.35	
33.973	72.666	163.309	
-106.715	124.581	177.16	
13.115	-123.127	4.538	
-119.545	11.803	138.661	
84.803	-129.189	160.29	
46.588	-102.669	-170.104	
66.423	-5.365	170.041	
123.281	NA	NA	
CHAIN-H
NA	-88.34	-171.768	
95.265	51.336	-164.13	
86.024	-38.491	-118.511	
103.081	-95.558	-152.731	
87.936	-113.54	-172.062	
43.769	-49.628	172.378	
-44.679	-80.616	164.502	
43.142	-89.082	161.437	
-64.638	-106.889	-171.576	
50.219	37.668	-170.686	
-111.423	74.685	-126.221	
165.573	-29.518	56.501	
124.744	-146.199	95.041	
-84.679	-58.578	-151.714	
3.432	89.808	-153.697	
151.089	173.911	-108.526	
61.961	0.619	171.332	
72.382	148.27	116.304	
122.35	-72.539	171.212	
99.325	-9.57	-151.163	
157.258	-143.285	-160.115	
45.301	133.355	175.07	
132.064	120.764	174.291	
105.733	-124.999	-179.165	
30.585	-147.407	168.65	
71.743	-2.592	176.804	
76.643	-106.965	164.728	
-163.509	-145.223	157.751	
-50.425	-19.676	-162.75	
110.565	-15.324	-167.906	
141.84	-6.056	171.874	
18.806	85.105	-168.664	
96.632	2.538	170.357	
69.48	-121.348	132.797	
-45.688	-96.411	-170.812	
82.637	86.778	151.54	
24.276	3.32	-158.397	
110.399	7.119	-160.408	
109.868	-24.432	-145.598	
122.935	-6.014	-176.088	
6.676	31.162	-166.817	
39.548	-118.09	145.025	
-5.849	-98.11	-175.618	
144.764	155.55	177.903	
-83.01	39.939	-162.287	
88.07	-106.023	161.266	
-138.913	62.875	-176.569	
74.689	9.501	-176.951	
108.886	6.467	-155.557	
93.123	53.472	179.197	
53.767	79.193	179.58	
46.275	47.453	-179.588	
85.997	-16.366	-165.879	
115.482	6.467	-173.115	
128.922	-52.778	-160.838	
148.108	-14.257	168.728	
157.628	34.597	-169.727	
57.025	72.403	175.296	
78.106	34.181	179.622	
49.634	34.196	-161.681	
112.557	-131.945	-171.374	
-157.244	83.031	-170.153	
-70.923	-136.169	171.228	
86.938	6.299	173.807	
167.838	-42.993	177.921	
-51.831	83.337	151.956	
-45.043	-59.867	154.012	
43.167	167.796	-156.218	
66.158	NA	NA	
CHAIN-I
NA	49.607	-169.364	
-87.434	-109.584	-166.132	
-65.821	-85.659	169.095	
165.973	-59.395	-177.206	
111.537	-29.625	173.414	
98.221	-75.461	-174.083	
137.881	21.221	-178.518	
89.467	-42.957	-158.437	
129.309	38.003	-168.402	
71.783	53.752	-177.926	
46.336	35.236	-172.972	
92.223	90.127	174.442	
49.277	14.796	-175.885	
116.417	71.315	174.903	
67.813	43.737	-176.272	
52.101	46.423	-174.102	
53.915	54.007	-179.101	
39.815	55.304	174.797	
42.672	58.088	163.089	
81.074	42.609	-162.876	
52.97	45.999	-159.01	
65.047	103.881	179.457	
5.833	82.801	171.145	
53.873	11.186	-158.61	
59.954	-24.981	-171.681	
88.463	28.957	-171.174	
54.592	46.472	-170.668	
63.892	71.866	-176.807	
150.143	177.428	179.039	
129.38	NA	NA	
CHAIN-J
NA	1.458	-176.959	
144.91	-115.126	169.284	
116.04	90.039	177.132	
148.771	-112.567	176.248	
-115.043	-79.123	175.116	
-42.16	-161.022	159.956	
130.717	147.498	-179.944	
86.218	-161.515	156.614	
76.9	102.721	167.614	
-114.889	-158.993	163.016	
82.352	175.52	-172.267	
55.334	60.731	-170.869	
121.408	-82.075	-153.121	
84.616	6.419	-165.056	
60.321	26.007	-175.797	
86.047	3.228	-159.85	
119.321	-46.188	-178.349	
158.086	36.827	-163.521	
69.578	68.166	-166.586	
59.194	-130.042	171.337	
-74.062	165.69	152.026	
-19.162	98.698	-173.144	
19.441	55.252	-170.147	
42.847	46.899	-164.174	
75.603	-99.798	161.742	
-155.037	37.014	-153.791	
65.113	36.669	179.676	
66.502	20.592	-164.802	
99.866	7.243	179.161	
104.86	-32.285	-169.429	
147.834	23.0	-171.347	
68.018	49.664	-155.299	
100.288	-92.483	-178.901	
61.577	14.407	-170.754	
135.653	-152.246	-174.81	
122.206	154.575	175.022	
-105.637	-2.529	-162.836	
170.46	75.469	-171.91	
-106.385	-125.503	-162.575	
67.293	-167.375	167.196	
133.552	-173.497	173.216	
142.548	NA	NA	
CHAIN-K
NA	134.017	172.971	
-61.638	155.453	-169.339	
68.835	22.386	-175.309	
65.343	7.24	-173.033	
83.982	45.697	-167.291	
67.22	1.855	-173.258	
107.007	19.877	-168.999	
62.363	33.772	-175.077	
79.716	14.656	-179.58	
83.895	4.292	-165.126	
59.653	38.257	-173.888	
60.521	41.26	175.781	
65.204	17.741	-170.419	
108.845	60.882	171.73	
61.242	41.765	-175.63	
79.047	29.467	-168.141	
58.864	40.591	178.032	
75.869	61.295	167.381	
79.023	24.599	-173.702	
78.477	31.011	-165.683	
81.123	-12.314	178.215	
76.667	81.459	165.901	
46.181	48.439	176.83	
51.493	47.729	176.972	
68.455	8.687	-175.981	
125.332	2.745	173.534	
64.977	89.414	-171.086	
73.211	-68.488	-177.412	
81.387	136.602	173.262	
-46.231	-45.768	157.669	
135.277	57.45	-170.691	
-82.904	95.108	-173.528	
81.999	148.582	-162.662	
-62.631	-155.441	-170.279	
174.066	122.27	-179.904	
109.461	31.249	178.419	
77.563	-22.603	-175.437	
143.403	114.728	155.534	
92.79	-74.153	-168.75	
-88.161	-93.114	-165.344	
-163.433	-54.091	163.98	
79.594	-126.643	-163.834	
143.973	-22.379	-154.609	
-51.297	148.73	172.506	
-63.599	134.679	-149.056	
109.328	74.46	-142.405	
-174.936	91.252	177.589	
168.898	80.935	164.505	
124.557	-124.843	178.177	
178.349	-119.386	151.011	
83.035	123.66	150.16	
-10.66	67.452	178.275	
49.927	55.715	176.391	
49.494	57.916	168.943	
77.963	50.785	172.318	
78.46	30.702	-173.797	
69.214	18.834	-172.646	
86.294	11.68	178.345	
85.96	13.249	-172.563	
69.479	38.773	-170.64	
67.049	42.807	179.207	
54.464	42.753	-176.87	
59.442	21.994	-177.726	
96.713	-12.53	-179.931	
73.127	63.494	168.35	
90.676	28.662	-173.493	
73.856	8.405	-179.502	
53.214	162.022	157.065	
-6.881	60.642	-153.353	
-21.193	119.478	-160.667	
37.433	60.924	171.242	
40.136	175.541	-174.617	
30.239	-95.54	162.352	
58.165	-119.805	-172.351	
-39.272	-128.847	179.298	
153.511	-171.762	-175.769	
-71.979	-174.046	-176.247	
115.521	-87.634	175.485	
-46.21	-91.745	174.603	
56.735	7.877	178.229	
102.356	19.783	-178.211	
-87.242	27.558	-177.075	
69.341	-148.166	179.01	
81.598	NA	NA	
CHAIN-L
NA	43.711	167.591	
59.041	147.622	-171.688	
74.673	24.94	-177.296	
-165.166	-89.517	157.014	
-57.857	-178.508	-165.991	
59.647	-33.828	-176.513	
-47.662	-103.674	175.61	
154.813	-137.728	-168.456	
88.421	-101.187	162.356	
-82.094	-178.235	-157.377	
40.279	51.96	-178.382	
148.286	91.338	177.708	
54.188	-132.267	-177.131	
87.902	-47.751	-175.506	
137.95	-45.387	-177.449	
139.063	13.035	179.54	
-89.749	149.556	177.169	
-74.561	30.303	177.724	
-28.263	-59.078	170.015	
46.321	-94.001	-166.123	
103.871	174.848	-166.009	
66.273	-174.759	168.368	
-68.532	1.036	178.313	
122.781	54.01	169.693	
153.13	-54.383	-171.889	
98.793	-125.032	174.883	
52.937	7.002	179.602	
71.688	35.052	-175.871	
105.148	59.295	169.481	
47.646	16.578	-168.791	
85.778	36.383	-167.172	
62.947	-48.875	177.668	
-171.347	-41.583	-175.042	
152.531	-25.34	-152.4	
81.315	21.123	177.659	
99.408	175.494	171.645	
70.945	-5.233	-158.125	
71.869	-173.021	161.29	
20.214	-87.904	-172.631	
-120.642	-146.405	-179.515	
105.809	-81.283	177.671	
21.801	110.235	-165.318	
76.512	178.831	-171.847	
57.717	171.572	-172.757	
74.869	17.67	-179.034	
31.807	73.283	170.38	
75.4	43.62	176.038	
47.526	35.418	-170.235	
25.454	59.105	175.146	
85.8	33.94	-169.687	
59.069	31.539	-172.706	
76.892	55.273	-174.695	
49.04	50.709	168.063	
73.888	45.276	174.828	
64.725	48.15	-173.168	
69.483	24.416	-172.402	
54.971	83.528	168.398	
61.38	-3.114	-164.925	
61.188	141.034	-173.356	
-15.179	-61.284	-162.196	
126.589	82.07	-174.951	
48.24	26.102	-169.199	
60.061	48.982	-168.499	
119.622	-51.413	-167.409	
153.773	13.149	-171.871	
121.934	22.677	-166.4	
109.522	-9.672	-173.286	
44.088	-161.729	151.533	
70.954	42.132	-156.004	
114.948	-104.909	163.474	
65.885	140.422	167.063	
1.152	-54.353	162.825	
41.213	-126.801	-156.865	
104.023	-58.03	-171.085	
133.816	-122.912	-178.222	
57.431	2.674	-176.808	
115.541	-56.055	174.402	
-172.398	-154.059	145.952	
-82.254	-31.592	175.919	
-165.198	128.303	169.404	
53.667	76.368	-171.329	
-65.323	83.91	179.166	
128.329	67.817	-175.957	
16.733	30.414	-160.284	
62.58	-34.789	-170.794	
124.348	43.493	176.972	
57.054	63.361	-175.4	
43.128	35.008	-175.686	
81.417	33.791	-176.909	
76.372	16.319	178.772	
115.754	15.885	-163.831	
76.107	-49.251	-173.947	
-168.043	4.756	-153.138	
64.159	33.429	-174.265	
77.623	62.265	169.267	
44.914	41.427	-176.256	
92.664	-40.432	-152.53	
120.624	35.348	-165.905	
69.352	-35.96	-170.069	
128.12	0.839	-164.094	
98.341	-3.05	-165.522	
123.994	-127.828	-161.533	
121.441	92.929	-176.429	
-45.178	-92.882	154.72	
101.146	-91.461	174.025	
130.868	175.506	-173.542	
158.423	-74.309	174.209	
87.111	48.458	-172.945	
-98.279	-7.444	168.32	
77.591	-66.984	-165.106	
101.238	26.874	-157.731	
60.497	-159.335	175.575	
104.803	-148.636	-176.15	
121.568	103.76	175.055	
110.538	-109.39	173.826	
6.735	-100.32	154.177	
50.651	103.082	162.558	
-111.599	34.461	157.225	
-35.38	-6.526	-171.046	
-54.745	118.015	-174.001	
56.248	-27.538	-179.678	
41.381	31.921	-168.506	
50.441	159.541	172.061	
-36.08	158.538	-170.872	
59.939	124.601	167.387	
-72.927	-31.894	-154.638	
135.568	-93.935	-177.121	
58.239	-172.782	178.437	
57.234	38.726	-178.211	
84.083	-69.174	179.149	
171.363	63.945	173.789	
62.048	11.808	-171.164	
74.691	61.166	176.126	
59.939	13.708	-171.178	
86.734	61.359	-179.907	
67.189	4.475	-165.448	
86.1	37.681	-163.496	
59.687	37.536	-175.601	
55.494	50.631	-178.029	
56.359	60.879	-170.484	
75.084	-73.27	-177.567	
-177.088	51.163	-162.002	
61.136	91.96	-179.642	
63.212	-122.725	165.302	
-112.006	70.521	-166.937	
50.007	5.323	-179.407	
90.571	18.61	174.655	
95.946	30.928	-168.356	
77.561	8.205	-151.673	
64.174	92.571	-176.056	
28.027	63.254	171.331	
52.006	46.001	-175.173	
52.235	-102.019	-160.55	
18.65	141.32	174.067	
171.964	-76.292	176.505	
85.245	1.833	-137.477	
-57.189	-125.528	-156.355	
108.354	-153.998	160.263	
117.83	-178.162	-158.523	
16.962	87.272	153.4	
-168.385	NA	NA	
CHAIN-N
NA	156.24	179.438	
-176.605	-118.117	170.544	
100.499	-132.505	-165.441	
136.036	-89.758	-171.249	
-76.875	-114.526	29.647	
133.107	-87.999	173.494	
-34.22	29.866	-145.42	
-176.631	-157.974	-163.818	
58.308	80.397	-172.42	
86.575	-111.468	173.785	
48.602	174.419	-177.707	
73.742	-152.516	133.175	
147.578	94.184	168.744	
111.19	-41.687	160.273	
126.8	24.985	-128.619	
113.431	-154.793	165.741	
162.855	8.796	147.922	
51.267	53.152	-168.734	
-53.16	137.643	179.748	
50.584	-120.842	160.449	
-48.689	-90.707	-167.11	
82.073	-63.504	163.396	
128.472	-152.302	139.06	
-133.135	-151.406	-166.167	
-58.348	67.169	170.816	
101.529	-73.323	132.357	
-130.242	155.39	170.956	
1.293	-125.28	115.126	
-48.026	-42.435	-146.758	
99.834	-33.553	-133.747	
75.368	58.543	162.99	
117.505	-48.182	-141.11	
73.855	-112.727	157.554	
-58.993	-93.077	-169.35	
71.512	-43.183	178.588	
61.576	-145.508	-164.185	
143.652	68.705	158.431	
144.047	-133.875	-168.782	
-60.102	-176.12	-176.548	
-161.203	-56.018	-0.27	
155.124	-179.328	-10.15	
161.334	56.49	167.626	
8.812	-110.5	-147.656	
-61.967	164.835	134.383	
36.42	-25.426	168.292	
52.746	-169.486	148.299	
-93.288	-42.236	-172.414	
-29.714	147.776	-2.304	
-69.435	-119.052	174.477	
25.301	-127.448	4.114	
58.768	150.105	-165.251	
118.237	128.727	65.084	
101.954	105.914	-144.419	
178.889	-0.684	-119.566	
-75.895	46.913	-167.191	
170.975	11.283	-145.764	
-64.592	158.934	163.617	
-23.167	142.659	178.034	
41.106	18.17	178.042	
130.805	-137.229	15.891	
65.334	105.713	171.872	
-61.746	-94.144	157.354	
-121.505	-57.923	6.364	
-36.219	133.75	-173.099	
159.414	-20.044	170.548	
-18.96	95.365	-164.143	
165.048	176.681	-98.507	
-102.539	63.71	-159.609	
-113.984	34.707	-166.355	
-67.473	-137.563	-135.345	
45.99	-32.721	-164.079	
-69.166	156.388	-0.569	
63.955	-118.803	-79.169	
-40.178	-20.193	-173.517	
-21.277	83.242	128.038	
33.03	175.134	152.754	
53.232	143.792	-176.398	
-50.452	55.384	178.609	
135.345	-159.688	4.796	
19.053	-146.168	175.293	
73.815	-46.054	175.08	
-22.416	-42.121	177.626	
53.164	-74.262	-173.086	
172.74	-94.384	-5.103	
115.588	NA	NA	
CHAIN-R
NA	-30.324	169.966	
51.74	179.229	167.873	
166.004	112.246	170.657	
-124.507	-105.017	-171.275	
-157.256	-57.199	-154.33	
-171.895	-142.823	-151.456	
103.934	76.348	129.695	
88.063	72.043	-153.234	
35.061	46.965	179.978	
57.895	46.929	-179.953	
57.807	46.962	179.993	
57.905	46.934	-179.932	
57.803	46.988	-179.966	
57.781	47.015	179.98	
57.779	47.003	-179.972	
57.784	47.039	179.88	
57.882	46.937	179.977	
57.822	47.072	179.971	
57.781	46.891	179.964	
57.952	46.987	-179.997	
57.734	47.075	179.99	
57.706	47.104	179.96	
57.843	46.907	-179.955	
57.795	47.09	179.927	
57.739	47.035	179.904	
57.786	46.971	-160.88	
6.079	49.448	-150.047	
-60.118	22.044	-92.893	
144.5	-168.62	177.704	
113.494	-10.242	146.257	
63.156	3.802	-142.014	
29.356	-179.527	-56.642	
-125.003	-136.886	-78.355	
176.884	132.79	-71.391	
-28.548	94.033	-151.562	
15.768	-137.118	91.109	
68.311	-1.334	-141.5	
-32.64	-66.517	-153.374	
33.299	-164.565	-10.873	
113.691	-48.384	62.788	
172.074	110.16	-24.217	
-171.895	81.326	-102.155	
-140.366	-127.357	-157.624	
82.206	91.887	174.103	
11.451	-121.298	150.288	
141.338	169.778	-67.403	
-122.205	146.065	106.119	
92.911	167.922	72.596	
68.914	54.907	167.386	
98.973	-119.333	-35.027	
163.217	172.71	128.461	
-110.254	-174.931	37.717	
-145.65	NA	NA	
